   0.826    0.555   -0.102   -0.404    0.708    0.579    0.393   -0.437    0.809   10.287  -23.213   -8.461      1
  -0.761   -0.641   -0.099    0.128   -0.298    0.946   -0.636    0.707    0.309   23.587   -7.113   27.239      2
  -0.491    0.595    0.636   -0.062    0.705   -0.707   -0.869   -0.387   -0.309    3.987   18.787    4.139      3
  -0.760   -0.342   -0.552    0.277   -0.940    0.201   -0.588    0.000    0.809   22.187  -16.213  -21.761      4
  -0.826    0.555   -0.102    0.404    0.708    0.579    0.393    0.437   -0.809   23.587   -2.213   25.839      5
  -0.599    0.445    0.665    0.445   -0.505    0.739    0.665    0.739    0.105    2.587   10.387   17.439      6
  -0.086    0.215    0.973   -0.741    0.638   -0.207   -0.665   -0.739    0.105   42.487  -12.713    0.639      7
   0.949   -0.117    0.294   -0.259   -0.821    0.509    0.182   -0.559   -0.809   45.987    4.787    1.339      8
  -0.904    0.312   -0.294   -0.424   -0.749    0.509   -0.061    0.585    0.809   31.287  -28.113    2.739      9
  -0.434    0.238    0.869    0.895    0.220    0.387   -0.099    0.946   -0.309    3.287  -14.113   12.539     10
   0.949   -0.117    0.294   -0.259   -0.821    0.509    0.182   -0.559   -0.809   45.987    4.087    1.339     11
  -0.011   -0.995   -0.104    0.104   -0.105    0.989   -0.995    0.000    0.105   31.287  -21.113   -4.961     12
  -0.371    0.589   -0.718    0.708    0.680    0.192    0.601   -0.437   -0.669    5.387  -14.813  -15.461     13
  -0.909    0.415   -0.043   -0.364   -0.839   -0.405   -0.203   -0.352    0.914   45.987   11.087    2.039     14
  -0.810    0.522    0.268    0.089    0.560   -0.824   -0.579   -0.644   -0.500   40.387   -0.113   -8.461     15
  -0.585    0.101    0.805   -0.750    0.308   -0.585   -0.307   -0.946   -0.105   -0.913  -16.213    6.239     16
   0.531    0.303    0.791    0.009   -0.936    0.352    0.847   -0.180   -0.500   -2.313   10.387  -17.561     17
  -0.708    0.680    0.192   -0.371   -0.589    0.718    0.601    0.437    0.669   44.587    6.887   -0.761     18
  -0.505   -0.549    0.665    0.549    0.390    0.739   -0.665    0.739    0.105   33.387  -19.713   -7.761     19
   0.175   -0.980    0.099   -0.322    0.038    0.946   -0.930   -0.198   -0.309   13.787  -27.413    3.439     20
  -0.493    0.041    0.869    0.728    0.566    0.387   -0.476    0.824   -0.309   21.487  -23.213  -11.961     21
   0.335   -0.866   -0.372    0.579    0.500   -0.644    0.743   -0.000    0.669    6.787    5.487   20.239     22
   0.776   -0.249   -0.579   -0.249    0.724   -0.644    0.579    0.644    0.500   17.987   30.687  -15.461     23
   0.849    0.056    0.525   -0.376    0.763    0.525   -0.372   -0.644    0.669   36.187  -26.013   -0.761     24
   0.625   -0.307   -0.718    0.602    0.775    0.192    0.497   -0.552    0.669   31.987   -2.213  -20.361     25
   0.555    0.622    0.552   -0.635    0.746   -0.201   -0.537   -0.239    0.809   10.987    9.687   20.239     26
  -0.178   -0.148   -0.973    0.378    0.902   -0.207    0.909   -0.405   -0.105    6.087    7.587  -19.661     27
   0.473   -0.758    0.450    0.668    0.641    0.378   -0.575    0.122    0.809   30.587   24.387   16.739     28
  -0.039    0.228   -0.973    0.593   -0.779   -0.207   -0.805   -0.585   -0.105   10.987   -3.613   21.639     29
   0.373    0.880    0.294   -0.840    0.186    0.509    0.393   -0.437    0.809    3.987    9.687  -26.661     30
   0.980   -0.171   -0.102   -0.081   -0.811    0.579   -0.182   -0.559   -0.809   26.387  -28.813   -4.261     31
  -0.548   -0.783   -0.294    0.783   -0.357   -0.509    0.294   -0.509    0.809    1.187   23.687    0.639     32
  -0.901    0.224    0.372   -0.174   -0.971    0.165    0.398    0.085    0.914   44.587  -12.713    4.139     33
   0.425    0.320    0.847    0.795   -0.579   -0.180    0.433    0.750   -0.500   23.587   36.987    9.739     34
  -0.482    0.826   -0.294    0.419   -0.077   -0.905   -0.769   -0.559   -0.309   17.287  -25.313   13.239     35
  -0.065   -0.977   -0.203   -0.926    0.135   -0.352    0.372    0.165   -0.914   11.687  -14.813  -23.861     36
   0.147   -0.917   -0.372    0.671    0.369   -0.644    0.727   -0.155    0.669   -3.713   -7.113  -10.561     37
   0.238    0.343   -0.909    0.707    0.580    0.405    0.665   -0.739   -0.105   43.187   -5.713   -9.161     38
   0.529    0.843    0.102   -0.657    0.483   -0.579   -0.537    0.239    0.809   41.787   -1.513   -2.161     39
   0.238   -0.707   -0.665   -0.343    0.580   -0.739    0.909    0.405   -0.105   14.487   -2.913   26.539     40
  -0.229   -0.033    0.973    0.924   -0.323    0.207    0.307    0.946    0.105   11.687   13.887  -22.461     41
  -0.047   -0.927   -0.372    0.733    0.221   -0.644    0.679   -0.302    0.669   -2.313   -9.913  -15.461     42
   0.845   -0.421   -0.329   -0.357   -0.903    0.239   -0.398   -0.085   -0.914   -1.613   14.587   18.139     43
   0.717    0.283    0.636   -0.689    0.158    0.707    0.099   -0.946    0.309   -7.913    9.687   -2.861     44
   0.414    0.904    0.104   -0.052    0.138   -0.989   -0.909    0.405    0.105   31.987   25.087   -2.161     45
   0.887   -0.452   -0.091   -0.158   -0.483    0.861   -0.433   -0.750   -0.500   -8.613   -0.813    3.439     46
  -0.828    0.335    0.450    0.163    0.911   -0.378   -0.537   -0.239   -0.809   29.187  -24.613   10.439     47
   0.316    0.273    0.909    0.503    0.764   -0.405   -0.805    0.585    0.105   13.087  -22.513   23.039     48
  -0.962    0.258    0.091    0.054    0.505   -0.861   -0.268   -0.824   -0.500   -3.713   13.187    4.139     49
   0.975   -0.181    0.126   -0.217   -0.896    0.387    0.043   -0.405   -0.914   45.287    4.787   -1.461     50
   0.238    0.343   -0.909   -0.707   -0.580   -0.405   -0.665    0.739    0.105   39.687    0.587   -5.661     51
   0.467   -0.163   -0.869   -0.435    0.813   -0.387    0.769    0.559    0.309   22.187   32.787  -14.761     52
  -0.317   -0.947   -0.043    0.873   -0.274   -0.405    0.372   -0.165    0.914    8.187   -5.013  -30.161     53
   0.302    0.208   -0.930   -0.064    0.978    0.198    0.951   -0.000    0.309   -3.713   -2.913    5.539     54
   0.603   -0.751   -0.268    0.548    0.147    0.824   -0.579   -0.644    0.500   -4.413    2.687    6.239     55
   0.086    0.215    0.973   -0.741   -0.638    0.207    0.665   -0.739    0.105   37.587  -12.013  -10.561     56
   0.304   -0.286   -0.909    0.812   -0.420    0.405   -0.497   -0.861    0.105   21.487   -7.113   25.139     57
   0.799    0.592    0.104    0.570   -0.801    0.180    0.190   -0.085   -0.978   15.187   11.787   20.239     58
   0.887    0.158   -0.433   -0.452    0.483   -0.750    0.091    0.861    0.500   38.287  -21.813   -8.461     59
  -0.951    0.309    0.000   -0.207   -0.636   -0.743   -0.230   -0.707    0.669   35.487  -20.413  -12.661     60
   0.362    0.389   -0.847    0.493   -0.851   -0.180   -0.791   -0.352   -0.500   31.987    9.687   21.639     61
   0.302    0.208    0.930    0.064   -0.978    0.198    0.951   -0.000   -0.309   22.187  -14.813  -24.561     62
   0.155   -0.951   -0.268    0.476    0.309   -0.824    0.866   -0.000    0.500   21.487  -28.113   -6.361     63
   0.095   -0.990   -0.104    0.977    0.112   -0.180    0.190   -0.085    0.978   20.087   11.087   25.139     64
   0.175   -0.980    0.099   -0.322    0.038    0.946   -0.930   -0.198   -0.309   13.087  -27.413    3.439     65
  -0.405   -0.588   -0.701   -0.294    0.809   -0.509    0.866   -0.000   -0.500    3.987   23.687   -2.861     66
  -0.901   -0.342   -0.268    0.030    0.566   -0.824    0.433   -0.750   -0.500    1.887  -26.013   -0.061     67
   0.867    0.215   -0.450    0.403   -0.833    0.378   -0.294   -0.509   -0.809   -5.113  -11.313   10.439     68
  -0.505   -0.549    0.665   -0.549   -0.390   -0.739    0.665   -0.739   -0.105   39.687   11.087   -9.861     69
   0.367   -0.523    0.769    0.009    0.829    0.559   -0.930   -0.198    0.309   20.087  -15.513  -24.561     70
   0.542   -0.464   -0.701    0.835    0.208    0.509   -0.091   -0.861    0.500   27.787  -11.313  -22.461     71
   0.250    0.182    0.951   -0.588    0.809    0.000   -0.769   -0.559    0.309   24.287  -16.213  -24.561     72
  -0.798    0.294   -0.525    0.033   -0.850   -0.525   -0.601   -0.437    0.669   23.587   25.787   13.239     73
   0.095   -0.951   -0.294    0.294    0.309   -0.905    0.951   -0.000    0.309   43.187    1.987   -7.061     74
  -0.156   -0.508   -0.847   -0.984    0.001    0.180   -0.091    0.861   -0.500   39.687   -3.613   -7.061     75
  -0.273    0.659    0.701    0.456    0.730   -0.509   -0.847    0.180   -0.500   12.387   28.587   11.839     76
  -0.807    0.317   -0.497   -0.504    0.068    0.861    0.307    0.946    0.105   12.387   20.187  -19.661     77
  -0.743    0.669   -0.000    0.448    0.497    0.743    0.497    0.552   -0.669   -7.213   -5.013   -2.861     78
  -0.302   -0.208   -0.930    0.064   -0.978    0.198   -0.951    0.000    0.309   40.387   -9.213   -4.261     79
  -0.328   -0.746   -0.579   -0.746   -0.172    0.644   -0.579    0.644   -0.500   34.787  -16.213  -14.761     80
  -0.357    0.086   -0.930   -0.684   -0.702    0.198   -0.636    0.707    0.309   31.987    8.287  -21.061     81
  -0.130   -0.701   -0.701    0.598   -0.620    0.509   -0.791   -0.352    0.500   26.387   31.387   -9.161     82
  -0.984    0.156    0.091    0.156    0.484    0.861    0.091    0.861   -0.500   20.787   18.787  -22.461     83
   0.585    0.101   -0.805   -0.750   -0.308   -0.585   -0.307    0.946   -0.105   17.987   -2.913   31.439     84
   0.140    0.985   -0.102    0.797   -0.174   -0.579   -0.588    0.000   -0.809   16.587    4.787  -31.561     85
  -0.003   -0.612   -0.791    0.815   -0.460    0.352   -0.579   -0.644    0.500    2.587  -19.713    0.639     86
   0.739    0.329    0.588    0.407   -0.914    0.000    0.537    0.239   -0.809    1.887    1.287   16.039     87
  -0.140    0.985    0.102    0.797    0.174   -0.579   -0.588    0.000   -0.809   -0.213    4.087    7.639     88
   0.593    0.798    0.104    0.023   -0.146    0.989    0.805   -0.585   -0.105   -0.213  -10.613  -27.361     89
  -0.047   -0.927   -0.372    0.733    0.221   -0.644    0.679   -0.302    0.669   -2.313   -9.913  -14.761     90
  -0.208   -0.978   -0.000   -0.655    0.139    0.743   -0.727    0.155   -0.669   -3.013    6.187    0.639     91
   0.147   -0.917   -0.372    0.671    0.369   -0.644    0.727   -0.155    0.669   -3.713   -7.813  -10.561     92
  -0.576    0.811    0.104   -0.146    0.023   -0.989   -0.805   -0.585    0.105   -5.113    1.287  -13.361     93
   0.601   -0.693   -0.398   -0.729   -0.680    0.085   -0.329    0.239   -0.914   -5.113   -4.313   -6.361     94
  -0.856   -0.507    0.104   -0.143    0.038   -0.989    0.497   -0.861   -0.105   38.987  -19.013    6.939     95
   0.684    0.679    0.268   -0.203    0.530   -0.824   -0.701    0.509    0.500   32.687  -18.313  -18.261     96
   0.815   -0.176   -0.552   -0.075   -0.977    0.201   -0.575   -0.122   -0.809   25.687  -29.513    2.739     97
  -0.425    0.795    0.433   -0.320   -0.579    0.750    0.847    0.180    0.500   17.287   29.287   -0.061     98
  -0.711    0.056   -0.701    0.554    0.659   -0.509    0.433   -0.750   -0.500    6.087    9.687  -21.061     99
   0.302   -0.064    0.951   -0.208   -0.978    0.000    0.930   -0.198   -0.309   -5.113   -0.813    1.339    100
  -0.223   -0.712   -0.665    0.063    0.671   -0.739    0.973   -0.207   -0.105   31.987   22.287    6.239    101
   0.339    0.141    0.930    0.141    0.970   -0.198   -0.930    0.198    0.309   15.887  -15.513  -26.661    102
   0.980    0.171    0.102   -0.081    0.811   -0.579   -0.182    0.559    0.809   10.987    4.787   23.039    103
  -0.342   -0.934    0.102   -0.743    0.336    0.579   -0.575    0.122   -0.809   -3.013    9.687    0.639    104
  -0.032   -0.307    0.951    0.995   -0.105    0.000    0.099    0.946    0.309   -6.513  -14.813   -7.061    105
  -0.491   -0.062    0.869   -0.595   -0.705   -0.387    0.636   -0.707    0.309   36.187  -12.013  -11.261    106
   0.728   -0.612   -0.307   -0.163    0.281   -0.946    0.665    0.739    0.105   32.687   19.487   -8.461    107
   0.156    0.508   -0.847   -0.984    0.001   -0.180   -0.091    0.861    0.500   30.587  -19.013  -14.761    108
   0.331   -0.815    0.476   -0.158   -0.545   -0.824    0.930    0.198   -0.309   28.487  -17.613  -16.161    109
   0.894   -0.208   -0.398    0.190    0.978   -0.085    0.407   -0.000    0.914   27.087    1.287  -22.461    110
   0.693    0.714    0.102   -0.542    0.609   -0.579   -0.476    0.345    0.809   26.387  -33.013   -2.161    111
   0.229   -0.033    0.973   -0.924   -0.323    0.207    0.307   -0.946   -0.105   19.387  -28.113   17.439    112
  -0.542    0.464   -0.701   -0.835   -0.208    0.509    0.091    0.861    0.500   15.187   17.387  -18.961    113
   0.759    0.096   -0.644    0.420   -0.828    0.372   -0.497   -0.552   -0.669    5.387  -14.113  -18.961    114
  -0.540    0.694    0.476    0.551   -0.136    0.824    0.636    0.707   -0.309    2.587  -18.313    0.639    115
   0.122   -0.627   -0.769   -0.346   -0.754    0.559   -0.930    0.198   -0.309    1.887  -15.513  -18.261    116
   0.349   -0.401   -0.847    0.898    0.401    0.180    0.268   -0.824    0.500   -0.913  -12.713  -18.961    117
   0.740    0.500    0.450   -0.349    0.857   -0.378   -0.575    0.122    0.809   -5.113    6.187   11.839    118
  -0.914    0.279   -0.294   -0.097   -0.855   -0.509   -0.393   -0.437    0.809   -7.913   -8.513    4.839    119
   0.774    0.255   -0.579   -0.627    0.439   -0.644    0.091    0.861    0.500   42.487   -7.113   -2.161    120
   0.720    0.586   -0.372    0.655   -0.397    0.644    0.230   -0.707   -0.669   41.087    0.587   -5.661    121
   0.039   -0.593    0.805    0.228   -0.779   -0.585    0.973    0.207    0.105   40.387  -14.813    3.439    122
   0.675    0.686    0.272    0.736   -0.605   -0.302   -0.043    0.405   -0.914   30.587  -26.713    6.239    123
   0.962   -0.258   -0.091   -0.054   -0.505    0.861   -0.268   -0.824   -0.500   27.787   -5.013  -24.561    124
  -0.541    0.601   -0.588    0.743    0.669   -0.000    0.393   -0.437   -0.809   24.287  -16.913  -21.761    125
  -0.834    0.003    0.552    0.129   -0.971    0.201    0.537    0.239    0.809   18.687    6.187   27.939    126
  -0.980    0.171   -0.102    0.081    0.811    0.579    0.182    0.559   -0.809   11.687   20.187  -21.761    127
   0.957    0.203   -0.208   -0.208    0.978   -0.000    0.203    0.043    0.978   44.587   -0.113    2.039    128
  -0.529    0.843    0.102    0.657    0.483   -0.579   -0.537   -0.239   -0.809   37.587    1.987  -16.861    129
   0.505    0.549   -0.665    0.549    0.390    0.739    0.665   -0.739   -0.105   15.187    1.287   30.039    130
  -0.317   -0.947   -0.043    0.873   -0.274   -0.405    0.372   -0.165    0.914    8.187   -4.313  -30.161    131
   0.425    0.320    0.847    0.795   -0.579   -0.180    0.433    0.750   -0.500    5.387    9.687   17.439    132
  -0.448   -0.497    0.743   -0.743    0.669    0.000   -0.497   -0.552   -0.669    5.387   -3.613  -24.561    133
   0.362   -0.389   -0.847    0.493    0.851   -0.180    0.791   -0.352    0.500   41.087    3.387    4.839    134
  -0.836    0.463   -0.294    0.273    0.816    0.509    0.476    0.345   -0.809   38.987  -14.813   19.539    135
   0.551   -0.812    0.192    0.485    0.499    0.718   -0.679   -0.302    0.669   25.687   25.787   16.739    136
  -0.437    0.629    0.644    0.896    0.242    0.372    0.078    0.739   -0.669   25.687   25.087  -18.961    137
  -0.003   -0.815   -0.579   -0.612    0.460   -0.644    0.791    0.352   -0.500   22.887    6.887   24.439    138
  -0.425    0.795    0.433   -0.320   -0.579    0.750    0.847    0.180    0.500   17.287   29.287    0.639    139
  -0.489   -0.847    0.208    0.866   -0.500    0.000    0.104    0.180    0.978   16.587    6.187   26.539    140
  -0.031    0.981   -0.192    0.686   -0.119   -0.718   -0.727   -0.155   -0.669    8.187   -2.913  -30.861    141
  -0.357    0.497    0.791   -0.930   -0.107   -0.352   -0.091   -0.861    0.500    5.387    4.787  -24.561    142
   0.129    0.919    0.372   -0.984    0.071    0.165    0.126   -0.387    0.914   -0.213  -18.313    5.539    143
  -0.416    0.035    0.909   -0.856    0.323   -0.405   -0.307   -0.946   -0.105   41.787  -11.313   11.139    144
   0.130   -0.598   -0.791    0.701    0.620   -0.352    0.701   -0.509    0.500   40.387    6.887    5.539    145
   0.696   -0.026   -0.718    0.235    0.953    0.192    0.679   -0.302    0.669   37.587   -9.213   -7.061    146
  -0.155   -0.268    0.951   -0.866    0.500    0.000   -0.476   -0.824   -0.309   36.187   -9.213  -18.961    147
  -0.675    0.736   -0.043   -0.686   -0.605    0.405    0.272    0.302    0.914   35.487  -26.013   -1.461    148
   0.686    0.119   -0.718    0.031    0.981    0.192    0.727   -0.155    0.669   31.287   -0.813  -22.461    149
  -0.646   -0.259    0.718    0.173   -0.966   -0.192    0.743   -0.000    0.669   30.587  -26.013    2.739    150
  -0.810    0.577    0.104   -0.586   -0.790   -0.180   -0.022   -0.207    0.978   29.187    6.887  -28.761    151
   0.052   -0.866   -0.497   -0.091   -0.500    0.861   -0.995    0.000   -0.105   27.787  -26.013   -3.561    152
   0.866   -0.500   -0.000   -0.335   -0.579    0.743   -0.372   -0.644   -0.669   19.387   26.487   13.239    153
   0.583   -0.723    0.372    0.723    0.252   -0.644    0.372    0.644    0.669   17.987   26.487   17.439    154
   0.558   -0.824    0.099   -0.310   -0.096    0.946   -0.769   -0.559   -0.309   14.487   11.787  -23.861    155
   0.761   -0.641    0.099   -0.128   -0.298   -0.946    0.636    0.707   -0.309    8.187  -15.513   21.639    156
   0.425    0.320    0.847    0.795   -0.579   -0.180    0.433    0.750   -0.500    5.387   10.387   17.439    157
   0.636    0.713    0.294   -0.056    0.423   -0.905   -0.769    0.559    0.309    3.987   31.387    8.339    158
  -0.776   -0.388    0.497   -0.388   -0.328   -0.861    0.497   -0.861    0.105    1.887  -14.113  -16.861    159
  -0.166   -0.161    0.973   -0.937   -0.282   -0.207    0.307   -0.946   -0.105   -3.713    9.687   -4.261    160
   0.492    0.870   -0.043   -0.787    0.465    0.405    0.372   -0.165    0.914   31.287  -25.313   -5.661    161
  -0.304    0.286    0.909    0.812   -0.420    0.405    0.497    0.861   -0.105   24.987   15.287   23.039    162
  -0.771   -0.033   -0.636    0.565    0.425   -0.707    0.294   -0.905   -0.309   16.587   12.487  -24.561    163
   0.828   -0.335   -0.450    0.163    0.911   -0.378    0.537    0.239    0.809   14.487    4.787   21.639    164
   0.211   -0.854    0.476   -0.448    0.348    0.824   -0.869   -0.387   -0.309   12.387   12.487  -24.561    165
  -0.416    0.856    0.307    0.035   -0.323    0.946    0.909    0.405    0.105   10.987  -11.313   26.539    166
  -0.877   -0.063    0.476   -0.469    0.318   -0.824   -0.099   -0.946   -0.309    9.587   13.887  -23.861    167
   0.267   -0.942   -0.203    0.878    0.325   -0.352    0.398   -0.085    0.914    3.987    3.387   17.439    168
  -0.238    0.343    0.909    0.707   -0.580    0.405    0.665    0.739   -0.105   -0.213   17.387   -0.061    169
   0.686   -0.119    0.718   -0.031    0.981    0.192   -0.727   -0.155    0.669   -3.713   11.087   16.039    170
  -0.708   -0.680   -0.192   -0.371    0.589   -0.718    0.601   -0.437   -0.669   -4.413    5.487   -0.761    171
  -0.943    0.273    0.192   -0.325   -0.616   -0.718   -0.078   -0.739    0.669   -5.813    3.387    2.739    172
   0.162    0.571   -0.805    0.385    0.714    0.585    0.909   -0.405   -0.105   43.887  -12.713   -7.761    173
  -0.599   -0.445    0.665   -0.445   -0.505   -0.739    0.665   -0.739    0.105   41.087   10.387   -9.861    174
   0.558    0.524    0.644   -0.826    0.423    0.372   -0.078   -0.739    0.669   36.887   -2.213  -18.261    175
  -0.909    0.364   -0.203   -0.415   -0.839    0.352   -0.043    0.405    0.914   31.987  -28.813   -0.061    176
   0.655   -0.397    0.644   -0.720   -0.586    0.372    0.230   -0.707   -0.669   20.087   25.087   13.939    177
   0.140    0.985   -0.102    0.797   -0.174   -0.579   -0.588    0.000   -0.809   16.587    4.087  -31.561    178
   0.760   -0.342   -0.552    0.277    0.940   -0.201    0.588   -0.000    0.809   13.087    6.887   20.939    179
  -0.533    0.262    0.805   -0.788    0.192   -0.585   -0.307   -0.946    0.105   10.287   -1.513   23.039    180
  -0.357    0.217    0.909   -0.882    0.242   -0.405   -0.307   -0.946    0.105    5.387   13.887  -22.461    181
  -0.011   -0.639   -0.769   -0.495   -0.665    0.559   -0.869    0.387   -0.309    5.387  -17.613  -21.761    182
   0.827    0.299   -0.476    0.299    0.482    0.824    0.476   -0.824    0.309    4.687   20.887    9.739    183
  -0.491    0.595    0.636   -0.062    0.705   -0.707   -0.869   -0.387   -0.309    3.987   18.787    4.839    184
  -0.467   -0.367    0.805   -0.731   -0.351   -0.585    0.497   -0.861   -0.105    3.287   24.387  -19.661    185
  -0.482   -0.224    0.847   -0.657    0.732   -0.180   -0.579   -0.644   -0.500   -0.913   10.387    6.239    186
   0.102   -0.208    0.973   -0.022   -0.978   -0.207    0.995   -0.000   -0.105   -0.913   -0.813   10.439    187
  -0.761    0.128    0.636    0.641    0.298    0.707   -0.099    0.946   -0.309   -3.013   13.887   -8.461    188
  -0.923   -0.333   -0.192    0.099   -0.689    0.718   -0.372    0.644    0.669   -3.013    9.687  -16.861    189
   0.856   -0.507    0.104    0.143    0.038   -0.989    0.497    0.861    0.105   46.687   -0.813   -2.161    190
   0.856   -0.507    0.104   -0.143   -0.038    0.989   -0.497   -0.861   -0.105   44.587   13.887    3.439    191
  -0.238    0.343    0.909    0.707   -0.580    0.405    0.665    0.739   -0.105   41.787    3.387   -1.461    192
  -0.166   -0.798    0.579    0.694    0.323    0.644   -0.701    0.509    0.500   38.987   -7.113   11.839    193
  -0.684    0.203    0.701   -0.679   -0.530   -0.509    0.268   -0.824    0.500   30.587  -16.913  -16.861    194
  -0.282    0.869    0.407    0.951    0.309    0.000   -0.126    0.387   -0.914   24.987    2.687  -27.361    195
  -0.178    0.148   -0.973    0.378   -0.902   -0.207   -0.909   -0.405    0.105   11.687   -1.513   21.639    196
   0.739    0.537    0.407   -0.588    0.809    0.000   -0.329   -0.239    0.914   10.287   10.387   18.139    197
  -0.608   -0.067    0.791   -0.543    0.762   -0.352   -0.579   -0.644   -0.500   10.287    1.287  -26.661    198
   0.147    0.917    0.372   -0.671    0.369   -0.644   -0.727   -0.155    0.669    8.887  -11.313   22.339    199
  -0.339   -0.141    0.930    0.141    0.970    0.198   -0.930    0.198   -0.309   -1.613    6.887   13.239    200
  -0.129   -0.858    0.497    0.193    0.470    0.861   -0.973    0.207    0.105   29.887   21.587   14.639    201
   0.207    0.636   -0.743   -0.951    0.309   -0.000    0.230    0.707    0.669   24.987   -0.813   25.839    202
   0.783    0.614    0.102    0.549   -0.603   -0.579   -0.294    0.509   -0.809   24.987   -5.713  -27.361    203
  -0.129    0.984    0.126   -0.919   -0.071   -0.387   -0.372   -0.165    0.914   21.487   11.087  -25.261    204
  -0.763    0.336   -0.552    0.513    0.834   -0.201    0.393   -0.437   -0.809   21.487  -28.113   -0.761    205
   0.547    0.430    0.718   -0.750    0.633    0.192   -0.372   -0.644    0.669    8.187   21.587  -23.861    206
  -0.003    0.815   -0.579   -0.612   -0.460   -0.644   -0.791    0.352    0.500    6.087   -2.213  -28.061    207
  -0.371    0.589   -0.718    0.708    0.680    0.192    0.601   -0.437   -0.669    5.387  -14.813  -14.761    208
  -0.771   -0.033    0.636   -0.565   -0.425   -0.707    0.294   -0.905    0.309    3.987  -15.513  -18.261    209
   0.250    0.182   -0.951   -0.588    0.809   -0.000    0.769    0.559    0.309    2.587   11.787  -14.061    210
  -0.380   -0.642    0.665    0.456    0.496    0.739   -0.805    0.585    0.105   -0.913    6.887   -8.461    211
   0.124    0.599    0.791   -0.893   -0.281    0.352    0.433   -0.750    0.500   -0.913   -5.013   -9.161    212
  -0.489   -0.847   -0.208   -0.866    0.500   -0.000    0.104    0.180   -0.978   -5.113    4.087    2.039    213
  -0.423   -0.257   -0.869    0.257    0.886   -0.387    0.869   -0.387   -0.309   -5.813    1.287   12.539    214
   0.400    0.121    0.909   -0.770   -0.494    0.405    0.497   -0.861   -0.105   -5.813   -5.013   -6.361    215
   0.845   -0.244   -0.476   -0.525   -0.214   -0.824    0.099    0.946   -0.309   44.587   -6.413   -0.761    216
   0.816    0.170   -0.552   -0.328    0.923   -0.201    0.476    0.345    0.809   41.787   10.387   -3.561    217
   0.362   -0.389   -0.847    0.493    0.851   -0.180    0.791   -0.352    0.500   41.087    2.687    4.139    218
  -0.048    0.770    0.636    0.364    0.607   -0.707   -0.930    0.198   -0.309   32.687  -10.613  -19.661    219
   0.057   -0.225    0.973    0.225    0.952    0.207   -0.973    0.207    0.105   28.487  -14.113  -26.661    220
   0.155   -0.866    0.476    0.268    0.500    0.824   -0.951    0.000    0.309   26.387   -3.613  -27.361    221
  -0.335    0.579    0.743   -0.866   -0.500    0.000    0.372   -0.644    0.669    7.487   18.087  -21.061    222
   0.122   -0.627   -0.769   -0.346   -0.754    0.559   -0.930    0.198   -0.309    6.787  -16.213  -22.461    223
  -0.835   -0.543    0.091   -0.339    0.378   -0.861    0.433   -0.750   -0.500    6.087  -14.813   25.839    224
  -0.558    0.824    0.099   -0.310   -0.096   -0.946   -0.769   -0.559    0.309    1.887   17.387   12.539    225
   0.816   -0.170   -0.552   -0.328   -0.923   -0.201   -0.476    0.345   -0.809    1.887    3.387   27.239    226
  -0.740   -0.500    0.450    0.349   -0.857   -0.378    0.575   -0.122    0.809   -1.613  -15.513   -0.761    227
   0.371   -0.589   -0.718    0.708    0.680   -0.192    0.601   -0.437    0.669   -2.313    3.387   -9.161    228
  -0.740    0.500   -0.450    0.349    0.857    0.378    0.575    0.122   -0.809  -11.413   -2.913   -5.661    229
   0.909   -0.415   -0.043   -0.364   -0.839    0.405   -0.203   -0.352   -0.914   45.987    1.987   -4.261    230
   0.307    0.848    0.433    0.644    0.150   -0.750   -0.701    0.509   -0.500   41.087    4.787   -6.361    231
   0.122   -0.346   -0.930   -0.627   -0.754    0.198   -0.769    0.559   -0.309   28.487  -28.813   -0.761    232
  -0.979   -0.071   -0.192    0.190   -0.670   -0.718   -0.078   -0.739    0.669   24.287  -27.413    4.139    233
   0.196    0.123    0.973   -0.975   -0.081    0.207    0.104   -0.989    0.105   17.287    1.287   23.739    234
  -0.551    0.221   -0.805   -0.670    0.458    0.585    0.497    0.861   -0.105   14.487   13.887  -20.361    235
   0.175    0.322    0.930   -0.980   -0.038    0.198    0.099   -0.946    0.309   14.487    0.587   24.439    236
  -0.457    0.791    0.407    0.866    0.500    0.000   -0.203    0.352   -0.914    8.187    8.987   16.039    237
   0.816   -0.170   -0.552   -0.328   -0.923   -0.201   -0.476    0.345   -0.809    1.887    2.687   27.239    238
  -0.434   -0.566    0.701    0.860   -0.030    0.509   -0.268    0.824    0.500   -1.613   13.187   -0.061    239
  -0.871    0.121    0.476    0.393   -0.409    0.824    0.294    0.905    0.309   42.487    2.687   -4.261    240
   0.842   -0.122   -0.525   -0.209    0.825   -0.525    0.497    0.552    0.669   38.287  -26.713    6.239    241
   0.518    0.119    0.847   -0.491    0.852    0.180   -0.701   -0.509    0.500   33.387   19.487   -9.861    242
  -0.867   -0.215   -0.450    0.403   -0.833   -0.378   -0.294   -0.509    0.809   32.687    6.187  -25.261    243
   0.277    0.525   -0.805   -0.525   -0.618   -0.585   -0.805    0.585    0.105   22.187    9.687   27.239    244
   0.581   -0.192    0.791   -0.689   -0.633    0.352    0.433   -0.750   -0.500   14.487  -14.813  -23.161    245
  -0.739   -0.329    0.588   -0.407    0.914    0.000   -0.537   -0.239   -0.809   12.387  -32.313   -4.261    246
  -0.357   -0.497    0.791   -0.930    0.107   -0.352    0.091   -0.861   -0.500    4.687   29.987    6.239    247
   0.558    0.824   -0.099    0.310   -0.096    0.946    0.769   -0.559   -0.309    3.987   17.387   -9.861    248
   0.102   -0.973   -0.208    0.995    0.105   -0.000    0.022   -0.207    0.978    2.587   19.487    2.739    249
   0.155    0.951   -0.268    0.476   -0.309   -0.824   -0.866    0.000   -0.500    2.587    6.187  -25.961    250
   0.250   -0.433   -0.866    0.866    0.500   -0.000    0.433   -0.750    0.500   -0.213   -9.913  -21.061    251
   0.349   -0.401   -0.847   -0.898   -0.401   -0.180   -0.268    0.824   -0.500   -0.913   -0.113    9.039    252
  -0.740   -0.500    0.450    0.349   -0.857   -0.378    0.575   -0.122    0.809   -1.613  -15.513   -1.461    253
  -0.540   -0.694   -0.476   -0.551   -0.136    0.824   -0.636    0.707   -0.309   -2.313    4.787  -16.161    254
   0.437   -0.629   -0.644   -0.896   -0.242   -0.372    0.078    0.739   -0.669   -3.013    1.987   13.939    255
  -0.717    0.689   -0.099    0.283    0.158   -0.946   -0.636   -0.707   -0.309   -3.713   16.687    0.639    256
  -0.302   -0.208   -0.930    0.064   -0.978    0.198   -0.951    0.000    0.309   40.387   -9.213   -3.561    257
  -0.896   -0.242   -0.372   -0.437    0.629    0.644    0.078    0.739   -0.669   33.387  -14.113   23.039    258
  -0.250   -0.588   -0.769   -0.182    0.809   -0.559    0.951   -0.000   -0.309   31.987  -26.013   18.139    259
  -0.904    0.312   -0.294   -0.424   -0.749    0.509   -0.061    0.585    0.809   31.987  -28.113    2.739    260
  -0.338    0.901    0.272   -0.919   -0.253   -0.302   -0.203   -0.352    0.914   31.287  -22.513   -8.461    261
   0.482   -0.419    0.769   -0.826    0.077    0.559   -0.294   -0.905   -0.309   29.187   21.587  -11.261    262
  -0.300    0.394    0.869    0.908   -0.163    0.387    0.294    0.905   -0.309   27.087   27.187  -14.761    263
   0.809   -0.588    0.000    0.588    0.809    0.000   -0.000    0.000    1.000   24.287    4.787  -25.961    264
  -0.810   -0.522    0.268    0.089   -0.560   -0.824    0.579   -0.644    0.500   22.187  -28.113    0.639    265
   0.414    0.052    0.909    0.904   -0.138   -0.405    0.104    0.989   -0.105   20.087  -19.713  -17.561    266
  -0.448    0.497   -0.743   -0.743   -0.669   -0.000   -0.497    0.552    0.669   16.587   28.587  -13.361    267
   0.752    0.600    0.272    0.525   -0.796    0.302    0.398   -0.085   -0.914   15.187   10.387   20.939    268
   0.305    0.839    0.450    0.787   -0.488    0.378    0.537    0.239   -0.809   11.687    1.287  -25.261    269
  -0.707    0.405   -0.579   -0.093    0.760    0.644    0.701    0.509   -0.500   10.287   13.187  -20.361    270
   0.693   -0.714    0.102   -0.542   -0.609   -0.579    0.476    0.345   -0.809    6.087   24.387   18.839    271
   0.302   -0.064    0.951    0.208    0.978    0.000   -0.930    0.198    0.309    6.087   -7.113   30.039    272
   0.548   -0.783   -0.294    0.783    0.357    0.509   -0.294   -0.509    0.809   -4.413    2.687    2.739    273
  -0.500   -0.866   -0.000   -0.866    0.500   -0.000    0.000    0.000   -1.000   -6.513    4.087   -0.761    274
  -0.894    0.398   -0.208    0.407    0.914   -0.000    0.190   -0.085   -0.978   -7.213  -10.613    1.339    275
   0.984   -0.156    0.091    0.156    0.484   -0.861    0.091    0.861    0.500   -8.613   -5.013   -1.461    276
   0.814    0.545   -0.203   -0.580    0.735   -0.352   -0.043    0.405    0.914   45.287   -7.813    6.239    277
   0.492   -0.870   -0.043   -0.787   -0.465    0.405   -0.372   -0.165   -0.914   44.587  -14.113   -6.361    278
   0.646    0.259   -0.718   -0.173    0.966    0.192    0.743   -0.000    0.669   43.187   -5.013    6.239    279
  -0.643   -0.707   -0.294    0.426   -0.012   -0.905    0.636   -0.707    0.309   39.687    6.187   11.139    280
  -0.836    0.463   -0.294    0.273    0.816    0.509    0.476    0.345   -0.809   39.687  -14.113   19.539    281
   0.361   -0.339   -0.869    0.067   -0.920    0.387   -0.930   -0.198   -0.309   38.987    4.787  -18.961    282
   0.357    0.684    0.636   -0.086    0.702   -0.707   -0.930    0.198    0.309   34.087  -15.513  -19.661    283
  -0.361   -0.339   -0.869   -0.067   -0.920    0.387   -0.930    0.198    0.309   32.687   -4.313  -18.961    284
  -0.250   -0.588   -0.769   -0.182    0.809   -0.559    0.951   -0.000   -0.309   31.987  -26.713   18.139    285
   0.763    0.336   -0.552   -0.513    0.834   -0.201    0.393    0.437    0.809   27.787    8.987  -23.861    286
   0.217   -0.080    0.973   -0.971   -0.124    0.207    0.104   -0.989   -0.105   27.087    1.287  -25.961    287
  -0.894    0.398   -0.208   -0.407   -0.914   -0.000   -0.190    0.085    0.978   21.487   -2.913  -25.961    288
   0.407    0.914    0.000    0.611   -0.272   -0.743   -0.679    0.302   -0.669   20.787    3.387  -32.961    289
   0.011    0.104    0.995   -0.995    0.105    0.000   -0.104   -0.989    0.105   17.987   -2.213   23.039    290
   0.994    0.037    0.102   -0.089    0.811    0.579   -0.061   -0.585    0.809   15.887  -20.413  -18.961    291
  -0.840   -0.448    0.307    0.218    0.241    0.946   -0.497    0.861   -0.105   15.187  -26.013   -7.061    292
   0.711    0.056    0.701    0.554   -0.659   -0.509    0.433    0.750   -0.500    9.587  -30.913    4.139    293
   0.048   -0.770   -0.636    0.364    0.607   -0.707    0.930   -0.198    0.309    8.887    4.787   23.039    294
  -0.267   -0.878   -0.398   -0.942    0.325   -0.085    0.203    0.352   -0.914    8.887  -24.613  -19.661    295
   0.593   -0.023    0.805   -0.798   -0.146    0.585    0.104   -0.989   -0.105    8.187  -21.813    5.539    296
  -0.711    0.056   -0.701    0.554    0.659   -0.509    0.433   -0.750   -0.500    6.087    8.987  -21.061    297
   0.047    0.529    0.847    0.962    0.203   -0.180   -0.268    0.824   -0.500    5.387    8.987  -23.161    298
  -0.522    0.102    0.847   -0.102    0.978   -0.180   -0.847   -0.180   -0.500    1.187   15.987   -8.461    299
  -0.178   -0.148    0.973   -0.378   -0.902   -0.207    0.909   -0.405    0.105    1.187   11.787    1.339    300
  -0.585   -0.101    0.805   -0.750   -0.308   -0.585    0.307   -0.946    0.105    0.487    6.887  -11.261    301
   0.173   -0.503   -0.847    0.796    0.577   -0.180    0.579   -0.644    0.500   -0.213   -8.513  -20.361    302
  -0.357   -0.086    0.930   -0.684    0.702   -0.198   -0.636   -0.707   -0.309   -3.013    2.687    4.839    303
   0.300   -0.908   -0.294    0.394   -0.163    0.905   -0.869   -0.387    0.309   -4.413    1.987   -6.361    304
   0.235   -0.953    0.192    0.696    0.026   -0.718    0.679    0.302    0.669   43.187   18.087    3.439    305
  -0.493   -0.041    0.869   -0.728    0.566   -0.387   -0.476   -0.824   -0.309   41.087  -12.013    1.339    306
   0.482   -0.224   -0.847    0.657    0.732    0.180    0.579   -0.644    0.500   38.987   -8.513   -5.661    307
   0.815   -0.176    0.552   -0.075   -0.977   -0.201    0.575    0.122   -0.809   36.887  -14.113  -13.361    308
  -0.395    0.137    0.909    0.913   -0.053    0.405    0.104    0.989   -0.105   35.487   -7.813  -18.261    309
  -0.166   -0.694   -0.701   -0.798   -0.323    0.509   -0.579    0.644   -0.500   35.487  -15.513  -14.061    310
  -0.335    0.866    0.372   -0.579   -0.500    0.644    0.743   -0.000    0.669   34.087  -26.713  -11.261    311
   0.857   -0.441    0.268   -0.441   -0.357    0.824   -0.268   -0.824   -0.500   30.587   17.387  -21.061    312
  -0.774    0.627   -0.091    0.255    0.439    0.861    0.579    0.644   -0.500   22.887   12.487  -25.261    313
   0.655   -0.397    0.644   -0.720   -0.586    0.372    0.230   -0.707   -0.669   20.087   25.087   14.639    314
   0.357    0.882   -0.307    0.217    0.242    0.946    0.909   -0.405   -0.105   20.087  -25.313    9.739    315
  -0.679   -0.311   -0.665   -0.541   -0.402    0.739   -0.497    0.861    0.105   16.587  -30.213    1.339    316
   0.489   -0.847   -0.208   -0.866   -0.500   -0.000   -0.104    0.180   -0.978   15.887  -28.813    6.239    317
   0.178   -0.378   -0.909   -0.148    0.902   -0.405    0.973    0.207    0.105   12.387    2.687   25.839    318
   0.685    0.296    0.665    0.660    0.133   -0.739   -0.307    0.946   -0.105    9.587  -16.213  -16.861    319
  -0.555    0.622   -0.552    0.635    0.746    0.201    0.537   -0.239   -0.809    7.487  -14.813  -16.861    320
  -0.032    0.995    0.099   -0.307   -0.105    0.946    0.951   -0.000    0.309    6.087   19.487  -14.061    321
  -0.771   -0.565    0.294    0.033    0.425    0.905   -0.636    0.707   -0.309    4.687  -19.713  -17.561    322
  -1.000    0.000    0.000   -0.000   -1.000    0.000    0.000   -0.000    1.000    1.887   28.587    3.439    323
   0.819   -0.231   -0.525    0.526    0.668    0.525    0.230   -0.707    0.669    0.487   15.987   -3.561    324
  -0.282    0.407    0.869    0.126    0.914   -0.387   -0.951    0.000   -0.309    0.487   12.487    4.839    325
  -0.349   -0.401   -0.847   -0.898    0.401    0.180    0.268    0.824   -0.500   -0.213    5.487  -15.461    326
   0.815    0.176   -0.552   -0.075    0.977    0.201    0.575   -0.122    0.809   -3.713    7.587   -9.861    327
  -0.783    0.614   -0.102    0.549    0.603   -0.579   -0.294   -0.509   -0.809   -7.913   -5.013    4.839    328
  -0.724   -0.478    0.497   -0.478   -0.172   -0.861    0.497   -0.861   -0.105   43.187   -7.113    6.239    329
   0.182    0.938    0.294    0.861   -0.007   -0.509   -0.476    0.345   -0.809   42.487    8.987   -4.961    330
  -0.349    0.401    0.847    0.898    0.401    0.180   -0.268    0.824   -0.500   42.487    3.387    2.739    331
  -0.335   -0.866    0.372    0.579   -0.500   -0.644    0.743   -0.000    0.669   41.787    6.887  -10.561    332
  -0.016    0.765    0.644    0.867    0.331   -0.372   -0.497    0.552   -0.669   41.087    5.487   -3.561    333
   0.452    0.887   -0.091    0.412   -0.298   -0.861   -0.791    0.352   -0.500   41.087   -0.113   -8.461    334
   0.331   -0.158   -0.930   -0.815   -0.545   -0.198   -0.476    0.824   -0.309   36.887   -0.113  -23.161    335
   0.541    0.393    0.743    0.588   -0.809    0.000    0.601    0.437   -0.669   27.787    4.787   25.139    336
  -0.140    0.985    0.102   -0.797   -0.174    0.579    0.588   -0.000    0.809   27.087  -28.113    3.439    337
  -0.304    0.286    0.909    0.812   -0.420    0.405    0.497    0.861   -0.105   24.287   15.287   23.039    338
   0.011    0.104   -0.995   -0.995    0.105   -0.000    0.104    0.989    0.105   15.187   20.887  -19.661    339
   0.643   -0.426    0.636    0.707    0.012   -0.707    0.294    0.905    0.309   13.787    6.887   23.739    340
   0.581    0.192    0.791    0.689   -0.633   -0.352    0.433    0.750   -0.500   12.387  -32.313    4.839    341
  -0.752    0.525   -0.398    0.600    0.796   -0.085    0.272   -0.302   -0.914    9.587   13.887  -23.161    342
  -0.178    0.378   -0.909    0.148   -0.902   -0.405   -0.973   -0.207    0.105    4.687   11.787   12.539    343
  -0.593   -0.798    0.104    0.023   -0.146   -0.989    0.805   -0.585    0.105    3.987   16.687   18.139    344
  -0.540    0.694   -0.476   -0.551    0.136    0.824    0.636    0.707    0.309    0.487  -23.213    4.139    345
   0.272   -0.957   -0.102    0.798    0.165    0.579   -0.537   -0.239    0.809   -3.713    6.187   -7.061    346
  -0.588   -0.809   -0.000    0.541   -0.393    0.743   -0.601    0.437    0.669   42.487   -4.313   -0.061    347
