  -0.338   -0.901    0.272    0.919   -0.253    0.302   -0.203    0.352    0.914   15.187   -7.113  -25.261   7501
   0.467    0.163    0.869   -0.435   -0.813    0.387    0.769   -0.559   -0.309   15.187  -16.213  -26.661   7502
   0.965    0.231    0.126    0.167   -0.907    0.387    0.203   -0.352   -0.914   15.187  -24.613  -16.861   7503
   0.505    0.857    0.104   -0.857    0.484    0.180    0.104   -0.180    0.978   14.487   10.387   26.539   7504
   0.722    0.627    0.294    0.437   -0.742    0.509    0.537   -0.239   -0.809   14.487    9.687   23.739   7505
   0.474    0.830   -0.294   -0.143    0.402    0.905    0.869   -0.387    0.309   14.487    7.587   28.639   7506
  -0.807   -0.317    0.497   -0.504   -0.068   -0.861    0.307   -0.946   -0.105   14.487    1.987   26.539   7507
  -0.217   -0.971   -0.104    0.080   -0.124    0.989   -0.973    0.207    0.105   14.487   -6.413   30.039   7508
  -0.739   -0.329   -0.588   -0.407    0.914   -0.000    0.537    0.239   -0.809   14.487  -14.113   25.139   7509
  -0.646   -0.259    0.718   -0.173    0.966    0.192   -0.743    0.000   -0.669   14.487  -25.313   13.239   7510
   0.763   -0.064    0.644    0.238   -0.897   -0.372    0.601    0.437   -0.669   13.787   25.787   13.239   7511
   0.975    0.198   -0.104   -0.214    0.960   -0.180    0.064    0.198    0.978   13.787    6.887   20.239   7512
   0.828   -0.335   -0.450    0.163    0.911   -0.378    0.537    0.239    0.809   13.787    4.787   21.639   7513
   0.992   -0.025    0.126   -0.025    0.922    0.387   -0.126   -0.387    0.914   13.787    0.587   25.139   7514
  -0.428    0.883   -0.192   -0.675   -0.171    0.718    0.601    0.437    0.669   13.787  -17.613  -18.261   7515
   0.190   -0.670    0.718    0.979    0.071   -0.192    0.078    0.739    0.669   13.787  -21.113   20.239   7516
  -0.733    0.221    0.644    0.047   -0.927    0.372    0.679    0.302    0.669   13.787  -27.413  -20.361   7517
  -0.300    0.867   -0.398   -0.953   -0.291    0.085   -0.043    0.405    0.914   13.087   25.087   13.939   7518
  -0.414    0.651    0.636   -0.651    0.277   -0.707   -0.636   -0.707    0.309   13.087   -3.613  -28.761   7519
   0.011    0.495   -0.869   -0.639   -0.665   -0.387   -0.769    0.559    0.309   13.087   -8.513   25.839   7520
  -0.395    0.913   -0.104    0.137   -0.053   -0.989   -0.909   -0.405   -0.105   13.087  -28.813   -3.561   7521
   0.733    0.221    0.644   -0.047   -0.927    0.372    0.679   -0.302   -0.669   12.387   33.487    3.439   7522
  -0.291   -0.223   -0.930   -0.910    0.363    0.198    0.294    0.905   -0.309   12.387   25.087   17.439   7523
   0.375   -0.922    0.099   -0.323   -0.030    0.946   -0.869   -0.387   -0.309   12.387   11.787  -23.861   7524
  -0.493   -0.330   -0.805   -0.560   -0.587    0.585   -0.665    0.739    0.105   12.387    4.787  -32.261   7525
  -0.335    0.579    0.743    0.866    0.500    0.000   -0.372    0.644   -0.669   12.387  -21.813   27.939   7526
   0.216   -0.931    0.294   -0.789   -0.343   -0.509    0.575   -0.122   -0.809   12.387  -29.513   -1.461   7527
  -0.463    0.610    0.644    0.507    0.778   -0.372   -0.727    0.155   -0.669   11.687   27.887   13.239   7528
  -0.583    0.723    0.372   -0.723   -0.252   -0.644   -0.372   -0.644    0.669   11.687   24.387  -14.761   7529
  -0.811    0.394   -0.433   -0.082    0.656    0.750    0.579    0.644   -0.500   11.687   15.987  -21.061   7530
   0.533   -0.262    0.805    0.788   -0.192   -0.585    0.307    0.946    0.105   11.687   13.887  -20.361   7531
  -0.155   -0.476   -0.866    0.951   -0.309   -0.000   -0.268   -0.824    0.500   11.687  -15.513   23.039   7532
  -0.155   -0.476   -0.866    0.951   -0.309   -0.000   -0.268   -0.824    0.500   11.687  -30.213   -0.761   7533
  -0.277    0.525    0.805    0.525   -0.618    0.585    0.805    0.585   -0.105   10.987   20.187  -21.761   7534
   0.547   -0.430    0.718    0.750    0.633   -0.192   -0.372    0.644    0.669   10.987   13.187  -20.361   7535
  -0.182   -0.938   -0.294   -0.861    0.007    0.509   -0.476    0.345   -0.809   10.987    0.587  -27.361   7536
  -0.229   -0.033    0.973   -0.924    0.323   -0.207   -0.307   -0.946   -0.105   10.987  -12.713  -25.961   7537
   0.892    0.030    0.450   -0.221    0.899    0.378   -0.393   -0.437    0.809   10.987  -24.613    0.639   7538
  -0.095    0.990    0.104    0.977    0.112   -0.180   -0.190    0.085   -0.978   10.987  -25.313  -10.561   7539
  -0.196   -0.123   -0.973   -0.975   -0.081    0.207   -0.104    0.989   -0.105   10.287   31.387    2.739   7540
  -0.047   -0.529    0.847    0.962    0.203    0.180   -0.268    0.824    0.500   10.287   31.387   -7.761   7541
  -0.505    0.549    0.665   -0.549    0.390   -0.739   -0.665   -0.739    0.105   10.287   27.887  -11.961   7542
  -0.887    0.158   -0.433   -0.452   -0.483    0.750   -0.091    0.861    0.500   10.287   12.487  -28.761   7543
  -0.708   -0.680    0.192    0.371   -0.589   -0.718    0.601   -0.437    0.669   10.287    1.987  -30.161   7544
   0.366   -0.650   -0.665   -0.201    0.643   -0.739    0.909    0.405    0.105   10.287    1.287   25.139   7545
  -0.342    0.934   -0.102   -0.743   -0.336   -0.579   -0.575   -0.122    0.809   10.287   -4.313   25.139   7546
  -0.894   -0.398    0.208   -0.407    0.914    0.000   -0.190   -0.085   -0.978   10.287   -6.413   23.039   7547
  -0.405    0.294   -0.866    0.588    0.809   -0.000    0.701   -0.509   -0.500   10.287   -8.513  -27.361   7548
  -0.500   -0.866    0.000    0.866   -0.500    0.000    0.000    0.000    1.000   10.287   -8.513  -27.361   7549
   0.909    0.364   -0.203    0.415   -0.839    0.352   -0.043   -0.405   -0.914   10.287  -14.813  -21.761   7550
   0.728   -0.163    0.665   -0.612    0.281    0.739   -0.307   -0.946    0.105    9.587   34.187   -2.861   7551
  -0.231    0.836   -0.497   -0.015    0.508    0.861    0.973    0.207   -0.105    9.587   13.887  -18.261   7552
  -0.518    0.119    0.847   -0.491   -0.852   -0.180    0.701   -0.509    0.500    9.587   13.887  -29.461   7553
  -0.124    0.599    0.791    0.893   -0.281    0.352    0.433    0.750   -0.500    9.587    7.587   23.039   7554
  -0.335    0.866   -0.372   -0.579   -0.500   -0.644   -0.743    0.000    0.669    9.587    7.587   22.339   7555
  -0.238   -0.897   -0.372   -0.763   -0.064    0.644   -0.601    0.437   -0.669    9.587    2.687  -28.061   7556
   0.448   -0.497    0.743    0.743    0.669    0.000   -0.497    0.552    0.669    9.587    0.587   24.439   7557
  -0.282    0.951    0.126   -0.869   -0.309    0.387    0.407   -0.000    0.914    9.587   -9.213  -24.561   7558
  -0.039    0.593   -0.805   -0.228    0.779    0.585    0.973    0.207    0.105    9.587  -17.613  -18.261   7559
   0.009   -0.418    0.909   -0.232   -0.885   -0.405    0.973   -0.207   -0.105    9.587  -19.713   16.739   7560
   0.099    0.689    0.718    0.923   -0.333    0.192    0.372    0.644   -0.669    9.587  -23.213  -21.061   7561
  -0.474    0.786   -0.398   -0.872   -0.483    0.085   -0.126    0.387    0.914    8.887   26.487   -9.161   7562
  -0.058   -0.961    0.272   -0.943    0.142    0.302   -0.329   -0.239   -0.914    8.887   15.287   24.439   7563
   0.957   -0.203    0.208    0.208    0.978    0.000   -0.203    0.043    0.978    8.887    4.787   18.139   7564
   0.405   -0.701    0.588    0.866    0.500    0.000   -0.294    0.509    0.809    8.887    2.687  -24.561   7565
  -0.620    0.643   -0.450   -0.520   -0.766   -0.378   -0.588    0.000    0.809    8.887   -2.913   25.139   7566
   0.252   -0.557   -0.791    0.557    0.752   -0.352    0.791   -0.352    0.500    8.887  -14.813  -30.861   7567
  -0.978    0.000    0.208   -0.000   -1.000    0.000    0.208   -0.000    0.978    8.887  -25.313    9.739   7568
  -0.052   -0.866   -0.497    0.091   -0.500    0.861   -0.995    0.000    0.105    8.187   -5.713   29.339   7569
  -0.039   -0.593    0.805   -0.228   -0.779   -0.585    0.973   -0.207   -0.105    8.187   -7.813  -31.561   7570
   0.576    0.146    0.805   -0.811   -0.023    0.585    0.104   -0.989    0.105    7.487   29.287  -19.661   7571
   0.602   -0.775   -0.192    0.625    0.307    0.718   -0.497   -0.552    0.669    7.487   24.387   11.839   7572
   0.476   -0.765    0.433   -0.661    0.013    0.750   -0.579   -0.644   -0.500    7.487   24.387  -14.061   7573
   0.178   -0.378   -0.909    0.148   -0.902    0.405   -0.973   -0.207   -0.105    7.487    4.787   21.639   7574
   0.482   -0.419   -0.769   -0.826    0.077   -0.559    0.294    0.905   -0.309    7.487   -3.613  -23.161   7575
   0.905    0.413   -0.104   -0.391    0.902    0.180    0.168   -0.122    0.978    7.487  -24.613   -7.061   7576
  -0.300    0.908   -0.294    0.394   -0.163   -0.905   -0.869   -0.387   -0.309    7.487  -25.313   -2.861   7577
  -0.238   -0.707   -0.665    0.343    0.580   -0.739    0.909   -0.405    0.105    7.487  -26.713   -0.061   7578
  -0.414    0.426   -0.805    0.426   -0.691   -0.585   -0.805   -0.585    0.105    7.487  -26.713   -2.861   7579
  -0.070    0.665   -0.743   -0.995   -0.105   -0.000   -0.078    0.739    0.669    7.487  -33.013   -6.361   7580
  -0.673   -0.733    0.104   -0.737    0.651   -0.180    0.064   -0.198   -0.978    6.787   33.487    2.739   7581
  -0.357   -0.086    0.930    0.684   -0.702    0.198    0.636    0.707    0.309    6.787   27.187   15.339   7582
  -0.300    0.394    0.869   -0.908    0.163   -0.387   -0.294   -0.905    0.309    6.787   13.187  -23.861   7583
   0.446   -0.535   -0.718   -0.865   -0.463   -0.192   -0.230    0.707   -0.669    6.787    8.287  -21.061   7584
   0.815   -0.176   -0.552    0.075    0.977   -0.201    0.575    0.122    0.809    6.787    6.187   17.439   7585
   0.273   -0.659   -0.701    0.456    0.730   -0.509    0.847   -0.180    0.500    6.787  -12.713  -30.161   7586
   0.732   -0.147    0.665   -0.674   -0.007    0.739   -0.104   -0.989   -0.105    6.087   32.787    4.139   7587
   0.147   -0.917    0.372    0.671    0.369    0.644   -0.727    0.155    0.669    6.087   27.187   -4.961   7588
   0.208   -0.978   -0.000    0.655    0.139    0.743   -0.727   -0.155    0.669    6.087   13.187   17.439   7589
   0.099   -0.689   -0.718   -0.923   -0.333    0.192   -0.372    0.644   -0.669    6.087   12.487  -21.061   7590
   0.770   -0.519    0.372    0.605    0.779   -0.165   -0.203    0.352    0.914    6.087   12.487  -23.161   7591
  -0.608    0.067    0.791   -0.543   -0.762   -0.352    0.579   -0.644    0.500    6.087    4.787  -28.061   7592
  -0.583   -0.186   -0.791    0.186    0.917   -0.352    0.791   -0.352   -0.500    6.087    3.387   24.439   7593
   0.211   -0.854   -0.476    0.448   -0.348    0.824   -0.869   -0.387    0.309    6.087   -9.913   28.639   7594
   0.252    0.557   -0.791   -0.557    0.752    0.352    0.791    0.352    0.500    6.087  -22.513   23.039   7595
  -0.627   -0.341    0.701    0.774   -0.377    0.509    0.091    0.861    0.500    6.087  -31.613   -6.361   7596
  -0.528   -0.806    0.268   -0.309    0.476    0.824   -0.791    0.352   -0.500    5.387   24.387  -11.261   7597
  -0.679   -0.541   -0.497   -0.311   -0.402    0.861   -0.665    0.739    0.105    5.387    8.987   16.039   7598
   0.995   -0.009   -0.104   -0.009    0.984   -0.180    0.104    0.180    0.978    5.387    5.487   17.439   7599
   0.604   -0.208   -0.769   -0.480    0.676   -0.559    0.636    0.707    0.309    5.387  -12.013  -21.061   7600
   0.627   -0.670   -0.398   -0.752   -0.654   -0.085   -0.203    0.352   -0.914    5.387  -19.713  -22.461   7601
  -0.722   -0.627    0.294    0.437   -0.742   -0.509    0.537   -0.239    0.809    5.387  -21.813  -23.161   7602
  -0.425    0.320    0.847   -0.795   -0.579   -0.180    0.433   -0.750    0.500    5.387  -24.613   -4.261   7603
  -0.867    0.331    0.372    0.016    0.765   -0.644   -0.497   -0.552   -0.669    4.687   23.687    6.239   7604
   0.277    0.525    0.805    0.525    0.618   -0.585   -0.805    0.585   -0.105    4.687   18.787  -12.661   7605
  -0.048    0.364    0.930    0.770    0.607   -0.198   -0.636    0.707   -0.309    4.687   13.187  -21.061   7606
  -0.810    0.089    0.579    0.522    0.560    0.644   -0.268    0.824   -0.500    4.687   13.187  -24.561   7607
   0.493    0.728    0.476   -0.041    0.566   -0.824   -0.869    0.387    0.309    4.687   11.787   23.739   7608
   0.205    0.108   -0.973   -0.557   -0.804   -0.207   -0.805    0.585   -0.105    4.687    4.787   18.839   7609
  -0.335   -0.866   -0.372   -0.579    0.500   -0.644    0.743   -0.000   -0.669    4.687    4.087  -21.761   7610
  -0.999    0.009   -0.043   -0.009    0.914    0.405    0.043    0.405   -0.914    4.687    1.987  -26.661   7611
   0.338    0.901    0.272    0.919   -0.253   -0.302   -0.203    0.352   -0.914    4.687   -2.913   20.939   7612
   0.250   -0.866   -0.433   -0.433   -0.500    0.750   -0.866    0.000   -0.500    4.687  -16.213  -21.761   7613
   0.474    0.143    0.869   -0.830    0.402    0.387   -0.294   -0.905    0.309    4.687  -21.113   -1.461   7614
  -0.384    0.510    0.769   -0.791    0.247   -0.559   -0.476   -0.824    0.309    4.687  -28.113   -5.661   7615
   0.255   -0.794   -0.552   -0.883   -0.423    0.201   -0.393    0.437   -0.809    3.987   25.787   -2.161   7616
   0.192    0.313    0.930   -0.457    0.867   -0.198   -0.869   -0.387    0.309    3.987   24.387  -11.961   7617
   0.685   -0.296   -0.665    0.660   -0.133    0.739   -0.307   -0.946    0.105    3.987   22.987    6.239   7618
  -0.686    0.119    0.718   -0.031    0.981   -0.192   -0.727   -0.155   -0.669    3.987   16.687   13.939   7619
  -0.611    0.272   -0.743   -0.407   -0.914   -0.000   -0.679    0.302    0.669    3.987    4.087   18.839   7620
   0.046    0.695    0.718    0.972    0.134   -0.192   -0.230    0.707   -0.669    3.987   -4.313   20.939   7621
  -0.500    0.000    0.866   -0.000   -1.000    0.000    0.866   -0.000    0.500    3.987  -23.213   -3.561   7622
  -0.856    0.507   -0.104   -0.143   -0.038    0.989    0.497    0.861    0.105    3.987  -23.913   -2.861   7623
  -0.395   -0.137    0.909    0.913    0.053    0.405   -0.104    0.989    0.105    3.987  -26.013   11.139   7624
  -0.583   -0.723   -0.372    0.723   -0.252   -0.644    0.372   -0.644    0.669    3.287   28.587    6.939   7625
   0.122    0.346   -0.930    0.627   -0.754   -0.198   -0.769   -0.559   -0.309    3.287   13.887  -21.761   7626
   0.835   -0.543    0.091    0.339    0.378   -0.861    0.433    0.750    0.500    3.287    7.587  -25.961   7627
   0.130    0.598   -0.791    0.701   -0.620   -0.352   -0.701   -0.509   -0.500    3.287  -19.713    1.339   7628
   0.102   -0.973   -0.208    0.995    0.105   -0.000    0.022   -0.207    0.978    2.587   19.487    2.039   7629
  -0.003    0.612   -0.791    0.815    0.460    0.352    0.579   -0.644   -0.500    2.587   13.187  -14.761   7630
   0.414   -0.052   -0.909    0.904    0.138    0.405    0.104   -0.989    0.105    2.587   -9.213   18.839   7631
   0.528   -0.806   -0.268    0.309    0.476   -0.824    0.791    0.352    0.500    2.587  -19.013  -13.361   7632
  -0.995   -0.009    0.104   -0.009   -0.984   -0.180    0.104   -0.180    0.978    1.887   27.887    7.639   7633
  -0.867    0.215    0.450   -0.403   -0.833   -0.378    0.294   -0.509    0.809    1.887   23.687   -1.461   7634
  -0.673    0.238    0.701   -0.238    0.827   -0.509   -0.701   -0.509   -0.500    1.887   15.987    7.639   7635
  -0.711   -0.554    0.433   -0.056    0.659    0.750   -0.701    0.509   -0.500    1.887   14.587  -23.161   7636
   0.531    0.303    0.791    0.009   -0.936    0.352    0.847   -0.180   -0.500    1.887   12.487   13.239   7637
  -0.739   -0.537    0.407   -0.588    0.809    0.000   -0.329   -0.239   -0.914    1.887   11.087   12.539   7638
  -0.064   -0.528    0.847   -0.899    0.399    0.180   -0.433   -0.750   -0.500    1.887  -18.313   -0.061   7639
  -0.129   -0.193    0.973   -0.858   -0.470   -0.207    0.497   -0.861   -0.105    1.887  -20.413  -11.261   7640
   0.296   -0.706   -0.644   -0.927   -0.051   -0.372    0.230    0.707   -0.669    1.187   18.087   -7.761   7641
  -0.578    0.388    0.718   -0.370   -0.909    0.192    0.727   -0.155    0.669    1.187   13.187   -9.861   7642
  -0.603   -0.548   -0.579   -0.751    0.147    0.644   -0.268    0.824   -0.500    1.187   13.187  -20.361   7643
   0.467   -0.367   -0.805    0.731   -0.351    0.585   -0.497   -0.861    0.105    1.187    9.687   12.539   7644
   0.147    0.917   -0.372    0.671   -0.369   -0.644   -0.727   -0.155   -0.669    1.187    9.687   11.839   7645
  -0.791   -0.575   -0.208    0.588   -0.809   -0.000   -0.168   -0.122    0.978    1.187    4.087  -20.361   7646
  -0.811    0.394    0.433   -0.082    0.656   -0.750   -0.579   -0.644   -0.500    1.187   -9.213   23.039   7647
  -0.457    0.407    0.791   -0.203   -0.914    0.352    0.866   -0.000    0.500    1.187  -14.113  -16.161   7648
  -0.085    0.805    0.588   -0.995   -0.105    0.000    0.061   -0.585    0.809    1.187  -17.613   22.339   7649
   0.231   -0.836   -0.497   -0.015    0.508   -0.861    0.973    0.207    0.105    0.487   27.887  -16.861   7650
  -0.526   -0.668   -0.525    0.819   -0.231   -0.525    0.230   -0.707    0.669    0.487   24.387   -0.761   7651
   0.879    0.346   -0.329   -0.432    0.870   -0.239    0.203    0.352    0.914    0.487   22.287    4.839   7652
   0.894    0.208   -0.398    0.190   -0.978   -0.085   -0.407    0.000   -0.914    0.487   20.887    3.439   7653
   0.901    0.174   -0.398   -0.224    0.971   -0.085    0.372    0.165    0.914    0.487   20.887    2.739   7654
  -0.252    0.266    0.930   -0.266   -0.943    0.198    0.930   -0.198    0.309    0.487   13.887    2.039   7655
  -0.405   -0.701    0.588    0.866   -0.500    0.000    0.294    0.509    0.809    0.487    6.187   13.939   7656
   0.892   -0.030   -0.450   -0.221   -0.899   -0.378   -0.393    0.437   -0.809    0.487    3.387   26.539   7657
  -0.003    0.815    0.579   -0.612   -0.460    0.644    0.791   -0.352    0.500    0.487   -9.913  -14.761   7658
   0.943    0.273   -0.192   -0.325    0.616   -0.718   -0.078    0.739    0.669    0.487  -16.913    2.739   7659
   0.533   -0.262   -0.805    0.788   -0.192    0.585   -0.307   -0.946    0.105    0.487  -21.813    2.039   7660
  -0.585   -0.101    0.805    0.750    0.308    0.585   -0.307    0.946   -0.105   -0.213   19.487   -6.361   7661
  -0.099   -0.689    0.718    0.923   -0.333   -0.192    0.372    0.644    0.669   -0.213   17.387    0.639   7662
  -0.282   -0.407    0.869   -0.126    0.914    0.387   -0.951    0.000   -0.309   -0.213   13.887   -8.461   7663
   0.905   -0.413    0.104   -0.391   -0.902   -0.180    0.168    0.122   -0.978   -0.213   13.887  -14.761   7664
  -0.896    0.242    0.372    0.437    0.629    0.644   -0.078    0.739   -0.669   -0.213    1.287   16.739   7665
   0.205   -0.557   -0.805    0.108   -0.804    0.585   -0.973   -0.207   -0.105   -0.213  -12.013   15.339   7666
  -0.357    0.217    0.909    0.882   -0.242    0.405    0.307    0.946   -0.105   -0.213  -19.713   -0.061   7667
  -0.972   -0.134   -0.192    0.046    0.695   -0.718    0.230   -0.707   -0.669   -0.213  -26.013   -2.861   7668
   0.361    0.339    0.869   -0.067   -0.920    0.387    0.930   -0.198   -0.309   -0.913   11.087  -19.661   7669
   0.909    0.415   -0.043    0.364   -0.839   -0.405   -0.203    0.352   -0.914   -0.913    8.987   -9.861   7670
  -0.952    0.083    0.294   -0.083    0.857   -0.509   -0.294   -0.509   -0.809   -0.913    4.087  -20.361   7671
  -0.166   -0.937   -0.307    0.161    0.282   -0.946    0.973   -0.207    0.105   -0.913   -8.513  -14.761   7672
  -0.070    0.665    0.743   -0.995   -0.105    0.000    0.078   -0.739    0.669   -0.913   -9.213  -14.761   7673
   0.205    0.557   -0.805   -0.108   -0.804   -0.585   -0.973    0.207   -0.105   -0.913  -14.113    4.139   7674
   0.031    0.981   -0.192    0.686    0.119    0.718    0.727   -0.155   -0.669   -0.913  -17.613   -1.461   7675
  -0.995   -0.009   -0.104    0.009    0.984   -0.180    0.104   -0.180   -0.978   -0.913  -23.913   -6.361   7676
   0.105   -0.000    0.995    0.000    1.000    0.000   -0.995    0.000    0.105   -1.613   16.687   -2.161   7677
  -0.540   -0.694   -0.476    0.551    0.136   -0.824    0.636   -0.707    0.309   -1.613   15.987    0.639   7678
  -0.771   -0.565   -0.294    0.033    0.425   -0.905    0.636   -0.707   -0.309   -1.613   13.187   -9.861   7679
  -0.099    0.689   -0.718    0.923    0.333    0.192    0.372   -0.644   -0.669   -1.613   11.087  -14.061   7680
   0.122   -0.346    0.930   -0.627   -0.754   -0.198    0.769   -0.559   -0.309   -1.613   10.387  -26.661   7681
  -0.029   -0.879   -0.476   -0.366   -0.433    0.824   -0.930    0.198   -0.309   -1.613    9.687   -6.361   7682
  -0.282   -0.126   -0.951   -0.407    0.914   -0.000    0.869    0.387   -0.309   -1.613    9.687   -7.761   7683
  -0.457   -0.791    0.407   -0.866    0.500    0.000   -0.203   -0.352   -0.914   -1.613    7.587   13.239   7684
  -0.400   -0.770    0.497    0.121    0.494    0.861   -0.909    0.405   -0.105   -1.613    5.487   -9.861   7685
   0.166   -0.798   -0.579   -0.694    0.323   -0.644    0.701    0.509   -0.500   -1.613    1.987   13.239   7686
  -0.357    0.086    0.930    0.684    0.702    0.198   -0.636    0.707   -0.309   -1.613    1.987    8.339   7687
  -0.446    0.535    0.718   -0.865   -0.463   -0.192    0.230   -0.707    0.669   -1.613   -2.213   16.739   7688
   0.526    0.668    0.525   -0.819    0.231    0.525    0.230   -0.707    0.669   -1.613  -17.613   -0.761   7689
  -0.485   -0.499   -0.718   -0.551    0.812   -0.192    0.679    0.302   -0.669   -1.613  -21.113    1.339   7690
   0.655    0.139    0.743   -0.208    0.978    0.000   -0.727   -0.155    0.669   -2.313    4.087  -18.961   7691
  -0.443   -0.854    0.272    0.803   -0.513   -0.302    0.398    0.085    0.914   -2.313    1.287    8.339   7692
  -0.414   -0.651   -0.636    0.651    0.277   -0.707    0.636   -0.707    0.309   -2.313    0.587   16.739   7693
   0.528   -0.309   -0.791   -0.806   -0.476   -0.352   -0.268    0.824   -0.500   -2.313   -2.213    9.039   7694
   0.887    0.452    0.091   -0.158    0.483   -0.861   -0.433    0.750    0.500   -2.313   -3.613   22.339   7695
   0.196   -0.975    0.104    0.123   -0.081   -0.989    0.973    0.207    0.105   -2.313   -9.213  -25.961   7696
   0.316   -0.273   -0.909   -0.503    0.764   -0.405    0.805    0.585    0.105   -2.313  -11.313    3.439   7697
   0.761    0.128   -0.636    0.641   -0.298    0.707   -0.099   -0.946   -0.309   -2.313  -19.013    5.539   7698
  -0.425    0.795    0.433    0.320    0.579   -0.750   -0.847   -0.180   -0.500   -2.313  -23.213  -10.561   7699
  -0.693    0.714   -0.102   -0.542   -0.609   -0.579   -0.476   -0.345    0.809   -3.013   15.287  -10.561   7700
  -0.934   -0.203   -0.294   -0.203   -0.375    0.905   -0.294    0.905    0.309   -3.013    8.287  -21.061   7701
  -0.491   -0.595    0.636   -0.062   -0.705   -0.707    0.869   -0.387    0.309   -3.013    5.487   -7.761   7702
  -0.827   -0.299    0.476   -0.299   -0.482   -0.824    0.476   -0.824    0.309   -3.013    4.787   -7.061   7703
   0.102    0.022    0.995    0.208   -0.978    0.000    0.973    0.207   -0.105   -3.013    1.987   -0.061   7704
   0.405   -0.588   -0.701   -0.294   -0.809    0.509   -0.866    0.000   -0.500   -3.013   -0.113    9.039   7705
   0.434    0.238   -0.869    0.895   -0.220    0.387   -0.099   -0.946   -0.309   -3.013   -9.913    0.639   7706
  -0.335    0.866    0.372    0.579    0.500   -0.644   -0.743    0.000   -0.669   -3.013  -20.413  -14.061   7707
   0.162   -0.571    0.805   -0.385    0.714    0.585   -0.909   -0.405   -0.105   -3.713    4.087  -18.261   7708
   0.914   -0.407    0.000    0.407    0.914    0.000   -0.000    0.000    1.000   -3.713   -2.913   13.939   7709
   0.155    0.268    0.951    0.866   -0.500    0.000    0.476    0.824   -0.309   -3.713  -20.413    3.439   7710
  -0.246    0.932    0.268   -0.560    0.089   -0.824   -0.791   -0.352    0.500   -4.413    8.287   -0.061   7711
  -0.052   -0.091    0.995   -0.866    0.500    0.000   -0.497   -0.861   -0.105   -4.413    4.087  -18.961   7712
  -0.746   -0.657    0.104   -0.008   -0.147   -0.989    0.665   -0.739    0.105   -4.413    2.687   -0.061   7713
  -0.304   -0.286    0.909   -0.812   -0.420   -0.405    0.497   -0.861   -0.105   -4.413    2.687  -14.061   7714
  -0.684    0.679   -0.268   -0.203   -0.530   -0.824   -0.701   -0.509    0.500   -4.413    1.987  -17.561   7715
  -0.317    0.947   -0.043   -0.873   -0.274    0.405    0.372    0.165    0.914   -4.413  -13.413   15.339   7716
  -0.583    0.186   -0.791   -0.186    0.917    0.352    0.791    0.352   -0.500   -4.413  -21.113   -4.261   7717
  -0.720    0.586    0.372    0.655    0.397    0.644    0.230    0.707   -0.669   -5.113   15.287   -4.261   7718
  -0.871   -0.121   -0.476    0.393    0.409   -0.824    0.294   -0.905   -0.309   -5.113    6.887   -4.961   7719
  -0.489   -0.847   -0.208   -0.866    0.500   -0.000    0.104    0.180   -0.978   -5.113    3.387    1.339   7720
   0.761   -0.641   -0.099   -0.128   -0.298    0.946   -0.636   -0.707   -0.309   -5.113    1.987   -9.161   7721
   0.452    0.412    0.791    0.887   -0.298   -0.352    0.091    0.861   -0.500   -5.113   -1.513  -11.261   7722
   0.774    0.255   -0.579    0.627   -0.439    0.644   -0.091   -0.861   -0.500   -5.113   -2.213   -5.661   7723
  -0.489    0.847   -0.208   -0.866   -0.500   -0.000   -0.104    0.180    0.978   -5.113  -15.513    6.239   7724
  -0.992    0.072   -0.099    0.072   -0.317   -0.946   -0.099   -0.946    0.309   -5.813    2.687  -11.261   7725
   0.436   -0.838   -0.329    0.820    0.521   -0.239    0.372   -0.165    0.914   -5.813   -2.913   -3.561   7726
   0.052   -0.995    0.091    0.497    0.105    0.861   -0.866    0.000    0.500   -5.813   -3.613  -14.061   7727
   0.052   -0.995    0.091    0.497    0.105    0.861   -0.866    0.000    0.500   -5.813   -3.613  -14.761   7728
   0.599    0.445   -0.665   -0.445   -0.505   -0.739   -0.665    0.739   -0.105   -5.813   -5.013   -2.161   7729
  -0.810   -0.577    0.104    0.586   -0.790    0.180   -0.022    0.207    0.978   -5.813   -8.513  -10.561   7730
   0.740   -0.500    0.450   -0.349   -0.857   -0.378    0.575    0.122   -0.809   -5.813  -17.613  -14.761   7731
   0.732    0.147    0.665   -0.674    0.007    0.739    0.104   -0.989    0.105   -6.513   12.487  -10.561   7732
   0.129   -0.193    0.973   -0.858    0.470    0.207   -0.497   -0.861   -0.105   -6.513    1.987    9.039   7733
  -0.962   -0.258    0.091   -0.054    0.505    0.861   -0.268    0.824   -0.500   -6.513   -1.513  -20.361   7734
   0.952   -0.147   -0.268    0.147   -0.548    0.824   -0.268   -0.824   -0.500   -6.513   -6.413    9.739   7735
  -0.720    0.454   -0.525    0.145    0.838    0.525    0.679    0.302   -0.669   -6.513  -15.513   -2.161   7736
   0.711    0.056    0.701   -0.554    0.659    0.509   -0.433   -0.750    0.500   -7.213   18.087   -5.661   7737
   0.798   -0.294    0.525    0.033   -0.850   -0.525    0.601    0.437   -0.669   -7.213    9.687    9.739   7738
   0.250   -0.182    0.951    0.588    0.809    0.000   -0.769    0.559    0.309   -7.213   -1.513   -3.561   7739
  -0.608    0.067   -0.791   -0.543   -0.762    0.352   -0.579    0.644    0.500   -7.213   -7.113   -3.561   7740
   0.482    0.224    0.847    0.657   -0.732   -0.180    0.579    0.644   -0.500   -7.213  -14.813    1.339   7741
   0.815   -0.176    0.552   -0.075   -0.977   -0.201    0.575    0.122   -0.809   -7.913   13.187   -4.261   7742
   0.675   -0.171    0.718   -0.428   -0.883    0.192    0.601   -0.437   -0.669   -7.913    1.287  -18.961   7743
   0.542   -0.835    0.091   -0.464   -0.208    0.861   -0.701   -0.509   -0.500   -8.613   -6.413  -11.961   7744
   0.992    0.025    0.126    0.025    0.922   -0.387   -0.126    0.387    0.914   -9.313   -2.213   -0.761   7745
   0.949   -0.297   -0.104    0.067   -0.131    0.989   -0.307   -0.946   -0.105   -9.313   -5.013  -10.561   7746
  -0.845    0.525    0.099   -0.244   -0.214   -0.946   -0.476   -0.824    0.309   -9.313   -9.913    0.639   7747
   0.493    0.041    0.869    0.728   -0.566   -0.387    0.476    0.824   -0.309   -9.313  -12.713    3.439   7748
   0.270   -0.579    0.769    0.723   -0.406   -0.559    0.636    0.707    0.309   -9.313  -20.413   -9.861   7749
  -0.407    0.914   -0.000   -0.611   -0.272    0.743    0.679    0.302    0.669  -10.013    7.587    4.139   7750
   0.842    0.122    0.525   -0.209   -0.825    0.525    0.497   -0.552   -0.669  -10.013   -0.813  -11.961   7751
  -0.999    0.009   -0.043    0.009   -0.914   -0.405   -0.043   -0.405    0.914   48.087   -0.813   -7.761   7752
  -0.048    0.770   -0.636   -0.364   -0.607   -0.707   -0.930    0.198    0.309   48.087   -7.813    5.539   7753
  -0.840    0.448    0.307   -0.218    0.241   -0.946   -0.497   -0.861   -0.105   47.387   15.987   -2.861   7754
   0.722   -0.627    0.294   -0.437   -0.742   -0.509    0.537    0.239   -0.809   47.387   10.387    0.639   7755
  -0.975    0.181    0.126    0.217    0.896    0.387   -0.043    0.405   -0.914   46.687    5.487   11.139   7756
  -0.992   -0.072    0.099    0.072    0.317    0.946   -0.099    0.946   -0.309   46.687   -5.713    1.339   7757
  -0.366    0.201   -0.909   -0.650    0.643    0.405    0.665    0.739   -0.105   45.987    8.287  -10.561   7758
   0.465   -0.879    0.102   -0.747   -0.328    0.579   -0.476   -0.345   -0.809   45.987  -13.413   -4.261   7759
   0.032    0.995    0.099   -0.307    0.105   -0.946   -0.951    0.000    0.309   45.287   13.887   14.639   7760
  -0.861    0.348    0.372    0.430    0.887    0.165   -0.272    0.302   -0.914   45.287    4.087   13.239   7761
   0.335   -0.866   -0.372   -0.579   -0.500    0.644   -0.743    0.000   -0.669   44.587    7.587   -8.461   7762
   0.867    0.488   -0.104   -0.039   -0.142   -0.989   -0.497    0.861   -0.105   44.587   -0.813   -4.961   7763
   0.896    0.427    0.126   -0.352    0.852   -0.387   -0.272    0.302    0.914   44.587   -3.613   -2.161   7764
  -0.826   -0.423    0.372    0.558   -0.524    0.644   -0.078    0.739    0.669   44.587   -5.013   -7.061   7765
  -0.277    0.525   -0.805   -0.525    0.618    0.585    0.805    0.585    0.105   44.587  -12.013   -4.961   7766
  -0.696    0.026   -0.718   -0.235   -0.953    0.192   -0.679    0.302    0.669   44.587  -14.813   -3.561   7767
   0.905   -0.413   -0.104    0.391    0.902   -0.180    0.168    0.122    0.978   43.887   11.787   11.839   7768
   0.917    0.018   -0.398   -0.018   -0.996   -0.085   -0.398    0.085   -0.914   43.887    5.487   -6.361   7769
  -0.229    0.924    0.307   -0.033   -0.323    0.946    0.973    0.207    0.105   43.887    3.387    1.339   7770
   0.551    0.670   -0.497   -0.221   -0.458   -0.861   -0.805    0.585   -0.105   43.887    1.987    1.339   7771
   0.291    0.223    0.930   -0.910    0.363    0.198   -0.294   -0.905    0.309   43.887   -5.713   -0.061   7772
   0.384   -0.791   -0.476   -0.510    0.247   -0.824    0.769    0.559   -0.309   43.887  -11.313   -2.861   7773
  -0.733   -0.221   -0.644   -0.047   -0.927    0.372   -0.679    0.302    0.669   43.887  -17.613   -2.861   7774
  -0.208   -0.978    0.000    0.655   -0.139   -0.743    0.727   -0.155    0.669   43.187   11.787   -8.461   7775
   0.482    0.826    0.294    0.419    0.077   -0.905   -0.769    0.559   -0.309   43.187    6.887   -6.361   7776
   0.576    0.811   -0.104   -0.146   -0.023   -0.989   -0.805    0.585    0.105   43.187    4.087   -8.461   7777
  -0.588   -0.809    0.000    0.541   -0.393   -0.743    0.601   -0.437    0.669   43.187   -0.813   12.539   7778
  -0.707   -0.093    0.701    0.405    0.760    0.509   -0.579    0.644   -0.500   43.187   -2.913    5.539   7779
   0.576    0.146   -0.805    0.811    0.023    0.585    0.104   -0.989   -0.105   43.187   -4.313   -2.861   7780
   0.129    0.919    0.372    0.984   -0.071   -0.165   -0.126    0.387   -0.914   43.187   -5.713    9.039   7781
   0.205    0.557   -0.805    0.108    0.804    0.585    0.973   -0.207    0.105   43.187   -9.913   -7.761   7782
  -0.914   -0.279    0.294    0.097   -0.855   -0.509    0.393   -0.437    0.809   43.187  -10.613  -12.661   7783
  -0.331   -0.158    0.930   -0.815    0.545   -0.198   -0.476   -0.824   -0.309   43.187  -11.313    4.839   7784
   0.917    0.143   -0.372    0.143    0.752    0.644    0.372   -0.644    0.669   43.187  -13.413    2.739   7785
  -0.675    0.686    0.272    0.736    0.605    0.302    0.043    0.405   -0.914   43.187  -14.113   -0.761   7786
   0.835   -0.543   -0.091    0.339    0.378    0.861   -0.433   -0.750    0.500   43.187  -16.213   10.439   7787
  -0.425    0.795    0.433    0.320    0.579   -0.750   -0.847   -0.180   -0.500   42.487   10.387   -6.361   7788
  -0.414   -0.904   -0.104   -0.052    0.138   -0.989    0.909   -0.405   -0.105   42.487   10.387   -6.361   7789
   0.877    0.063   -0.476   -0.469    0.318   -0.824    0.099    0.946    0.309   42.487    8.287    0.639   7790
   0.776    0.388   -0.497    0.388    0.328    0.861    0.497   -0.861    0.105   42.487    7.587    6.239   7791
  -0.273    0.456    0.847    0.659    0.730   -0.180   -0.701    0.509   -0.500   42.487    6.887   -2.161   7792
  -0.361   -0.067   -0.930    0.339    0.920   -0.198    0.869   -0.387   -0.309   42.487   -4.313  -21.061   7793
  -0.361   -0.067   -0.930    0.339    0.920   -0.198    0.869   -0.387   -0.309   42.487   -5.013  -21.061   7794
   0.529    0.843    0.102    0.657   -0.483    0.579    0.537   -0.239   -0.809   42.487   -6.413    2.739   7795
  -0.256    0.928    0.272    0.892    0.335   -0.302   -0.372    0.165   -0.914   42.487  -11.313   -0.061   7796
  -0.761    0.641    0.099    0.128    0.298   -0.946   -0.636   -0.707   -0.309   42.487  -14.813   -0.061   7797
   0.335   -0.866    0.372    0.579    0.500    0.644   -0.743    0.000    0.669   42.487  -23.913    9.739   7798
  -0.205   -0.557   -0.805   -0.108   -0.804    0.585   -0.973    0.207    0.105   41.787   11.787   -4.261   7799
  -0.658   -0.655    0.372    0.326   -0.692   -0.644    0.679   -0.302    0.669   41.787    8.287  -11.961   7800
   0.250    0.866    0.433   -0.433    0.500   -0.750   -0.866    0.000    0.500   41.787    1.287   -2.161   7801
   0.250    0.588   -0.769    0.182   -0.809   -0.559   -0.951    0.000   -0.309   41.787  -11.313   -6.361   7802
   0.291   -0.223    0.930    0.910    0.363   -0.198   -0.294    0.905    0.309   41.787  -12.013    8.339   7803
   0.505   -0.857    0.104    0.857    0.484   -0.180    0.104    0.180    0.978   41.087   12.487  -16.161   7804
   0.252   -0.557   -0.791    0.557    0.752   -0.352    0.791   -0.352    0.500   41.087    4.787    4.839   7805
  -0.482   -0.826   -0.294   -0.419   -0.077    0.905   -0.769    0.559   -0.309   41.087    3.387  -10.561   7806
  -0.032    0.307   -0.951   -0.995   -0.105   -0.000   -0.099    0.946    0.309   41.087   -7.113   -3.561   7807
   0.095   -0.294    0.951    0.951    0.309    0.000   -0.294    0.905    0.309   41.087   -8.513    8.339   7808
   0.124    0.893    0.433    0.599    0.281   -0.750   -0.791    0.352   -0.500   41.087  -10.613   13.939   7809
   0.400   -0.121   -0.909    0.770   -0.494    0.405   -0.497   -0.861   -0.105   41.087  -11.313    3.439   7810
   0.009   -0.232   -0.973   -0.418   -0.885    0.207   -0.909    0.405   -0.105   41.087  -13.413    6.239   7811
   0.975    0.198    0.104    0.214   -0.960   -0.180    0.064    0.198   -0.978   41.087  -14.813   12.539   7812
  -0.095   -0.294   -0.951   -0.951    0.309   -0.000    0.294    0.905   -0.309   40.387   22.987    6.939   7813
   0.995   -0.105   -0.000   -0.070   -0.665    0.743   -0.078   -0.739   -0.669   40.387   22.287    8.339   7814
   0.548    0.329    0.769   -0.329   -0.761    0.559    0.769   -0.559   -0.309   40.387   13.887   25.139   7815
   0.747    0.465   -0.476    0.193    0.533    0.824    0.636   -0.707    0.309   40.387    8.287  -13.361   7816
   0.819    0.493    0.294   -0.570    0.645    0.509    0.061   -0.585    0.809   40.387    1.287  -15.461   7817
  -0.476    0.765   -0.433    0.661   -0.013   -0.750   -0.579   -0.644   -0.500   40.387    1.287  -19.661   7818
   0.583    0.723    0.372    0.723   -0.252   -0.644   -0.372    0.644   -0.669   40.387   -2.213  -14.761   7819
   0.102   -0.208   -0.973   -0.022   -0.978    0.207   -0.995    0.000   -0.105   40.387  -15.513    4.839   7820
   0.901    0.224    0.372   -0.174    0.971   -0.165   -0.398    0.085    0.914   40.387  -16.213   19.539   7821
   0.070    0.743    0.665   -0.078    0.669   -0.739   -0.995    0.000    0.105   39.687   13.887    1.339   7822
  -0.155   -0.866   -0.476    0.268   -0.500    0.824   -0.951    0.000    0.309   39.687    4.087   16.039   7823
  -0.505    0.857   -0.104    0.857    0.484   -0.180   -0.104   -0.180   -0.978   39.687    1.287  -17.561   7824
  -0.011    0.995    0.104    0.104    0.105   -0.989   -0.995    0.000   -0.105   39.687   -5.013   -9.161   7825
  -0.238    0.707    0.665    0.343   -0.580    0.739    0.909    0.405   -0.105   39.687   -6.413   -9.861   7826
  -0.130    0.701   -0.701   -0.598   -0.620   -0.509   -0.791    0.352    0.500   39.687  -13.413   -7.761   7827
  -0.446    0.535    0.718    0.865    0.463    0.192   -0.230    0.707   -0.669   39.687  -22.513    8.339   7828
  -0.949   -0.117   -0.294    0.259   -0.821   -0.509   -0.182   -0.559    0.809   39.687  -25.313   -6.361   7829
  -0.405    0.294   -0.866   -0.588   -0.809   -0.000   -0.701    0.509    0.500   38.987   25.787    8.339   7830
   0.250   -0.769    0.588    0.951    0.309    0.000   -0.182    0.559    0.809   38.987   21.587   16.039   7831
  -0.747   -0.193    0.636   -0.465   -0.533   -0.707    0.476   -0.824    0.309   38.987   19.487    4.839   7832
   0.331    0.158    0.930   -0.815    0.545    0.198   -0.476   -0.824    0.309   38.987   13.887    6.939   7833
   0.492   -0.787    0.372    0.870    0.465   -0.165   -0.043    0.405    0.914   38.987   13.187  -20.361   7834
  -0.362   -0.493    0.791    0.389   -0.851   -0.352    0.847    0.180    0.500   38.987    2.687  -12.661   7835
  -0.531    0.009    0.847    0.303    0.936    0.180   -0.791    0.352   -0.500   38.987   -1.513  -12.661   7836
  -0.723    0.252   -0.644   -0.583   -0.723    0.372   -0.372    0.644    0.669   38.987   -6.413  -16.161   7837
   0.608    0.543    0.579   -0.067    0.762   -0.644   -0.791    0.352    0.500   38.987  -10.613  -20.361   7838
   0.211   -0.448   -0.869    0.854   -0.348    0.387   -0.476   -0.824    0.309   38.987  -19.713   -0.061   7839
   0.732    0.674    0.104    0.147   -0.007   -0.989   -0.665    0.739   -0.105   38.287  -13.413  -17.561   7840
   0.414    0.724    0.552   -0.776    0.598   -0.201   -0.476   -0.345    0.809   38.287  -26.013   11.839   7841
  -0.901   -0.030   -0.433   -0.342   -0.566    0.750   -0.268    0.824    0.500   37.587   26.487    9.039   7842
  -0.901   -0.174   -0.398    0.224   -0.971   -0.085   -0.372   -0.165    0.914   37.587   19.487   -3.561   7843
  -0.250   -0.588   -0.769    0.182   -0.809    0.559   -0.951    0.000    0.309   37.587   18.787    5.539   7844
  -0.231    0.836   -0.497    0.015   -0.508   -0.861   -0.973   -0.207    0.105   37.587   18.087   -9.161   7845
   0.011    0.995   -0.104   -0.104    0.105    0.989    0.995   -0.000    0.105   37.587   13.887   14.639   7846
   0.975   -0.198   -0.104    0.214    0.960    0.180    0.064   -0.198    0.978   37.587    5.487  -21.761   7847
