   0.156    0.984    0.091    0.508   -0.001   -0.861   -0.847    0.180   -0.500   41.787    3.387   -7.761   2501
   0.693   -0.714   -0.102   -0.542   -0.609    0.579   -0.476   -0.345   -0.809   41.787   -1.513  -18.261   2502
   0.371    0.589   -0.718    0.708   -0.680   -0.192   -0.601   -0.437   -0.669   41.787   -2.213   -9.161   2503
  -0.669    0.743    0.000   -0.743   -0.669    0.000    0.000   -0.000    1.000   41.787   -9.913   11.839   2504
  -0.052   -0.497    0.866    0.995   -0.105    0.000    0.091    0.861    0.500   41.787  -13.413    7.639   2505
  -0.173    0.503    0.847    0.796    0.577   -0.180   -0.579    0.644   -0.500   41.087    6.887   -2.861   2506
  -0.901    0.342    0.268   -0.030    0.566   -0.824   -0.433   -0.750   -0.500   41.087    1.287   -9.861   2507
   0.009   -0.418   -0.909    0.232    0.885   -0.405    0.973   -0.207    0.105   41.087    0.587    7.639   2508
  -0.610    0.593    0.525    0.316    0.790   -0.525   -0.727   -0.155   -0.669   41.087    0.587   -3.561   2509
   0.029    0.879    0.476    0.366    0.433   -0.824   -0.930    0.198   -0.309   41.087    0.587   -9.161   2510
  -0.357   -0.684   -0.636    0.086   -0.702    0.707   -0.930    0.198    0.309   41.087   -8.513   -3.561   2511
  -0.787    0.603    0.126   -0.521   -0.761    0.387    0.329    0.239    0.914   40.387  -11.313   13.239   2512
   0.039   -0.593    0.805    0.228   -0.779   -0.585    0.973    0.207    0.105   40.387  -14.813    2.739   2513
   0.302    0.208   -0.930    0.064   -0.978   -0.198   -0.951    0.000   -0.309   39.687    6.187   19.539   2514
   0.175   -0.322    0.930   -0.980    0.038    0.198   -0.099   -0.946   -0.309   39.687  -12.013  -12.661   2515
   0.819    0.493    0.294   -0.570    0.645    0.509    0.061   -0.585    0.809   38.287    8.287  -17.561   2516
   0.743    0.669    0.000    0.448   -0.497   -0.743   -0.497    0.552   -0.669   38.287   -7.113  -16.161   2517
   0.124   -0.884    0.450    0.871    0.314    0.378   -0.476    0.345    0.809   38.287  -12.013  -14.761   2518
  -0.011   -0.495    0.869    0.639    0.665    0.387   -0.769    0.559    0.309   38.287  -14.113   11.139   2519
  -0.211   -0.854    0.476    0.448    0.348    0.824   -0.869    0.387    0.309   38.287  -15.513    9.039   2520
   0.581    0.689    0.433    0.192   -0.633    0.750    0.791   -0.352   -0.500   37.587   -6.413  -14.761   2521
  -0.317   -0.873    0.372    0.947   -0.274    0.165   -0.043    0.405    0.914   37.587   -8.513   19.539   2522
  -0.057   -0.225   -0.973    0.225   -0.952    0.207   -0.973   -0.207    0.105   36.887   11.787   18.839   2523
  -0.252    0.910   -0.329    0.910    0.339    0.239    0.329   -0.239   -0.914   36.887  -15.513   20.239   2524
   0.250   -0.866    0.433    0.433    0.500    0.750   -0.866    0.000    0.500   36.187   25.787   -9.161   2525
  -0.704    0.549   -0.450   -0.707   -0.597    0.378   -0.061    0.585    0.809   36.187  -25.313   -0.061   2526
   0.547    0.430   -0.718   -0.750    0.633   -0.192    0.372    0.644    0.669   35.487   11.087  -18.261   2527
   0.491    0.062   -0.869    0.595    0.705    0.387    0.636   -0.707    0.309   34.787   23.687   -7.061   2528
  -0.934    0.203   -0.294   -0.203    0.375    0.905    0.294    0.905   -0.309   33.387   20.187  -12.661   2529
   0.261   -0.792    0.552   -0.963   -0.177    0.201   -0.061   -0.585   -0.809   32.687   18.787   18.839   2530
  -0.522    0.829   -0.203    0.829    0.435   -0.352   -0.203   -0.352   -0.914   32.687   17.387   21.639   2531
  -0.720   -0.586    0.372   -0.655    0.397   -0.644    0.230   -0.707   -0.669   32.687  -12.713  -17.561   2532
  -0.380   -0.642    0.665   -0.456   -0.496   -0.739    0.805   -0.585   -0.105   32.687  -14.113  -15.461   2533
   0.895   -0.325    0.307   -0.325    0.001    0.946   -0.307   -0.946   -0.105   31.987   19.487  -18.261   2534
   0.063    0.891   -0.450   -0.917   -0.126   -0.378   -0.393    0.437    0.809   31.987  -23.213  -10.561   2535
  -0.807   -0.317    0.497   -0.504   -0.068   -0.861    0.307   -0.946   -0.105   31.987  -25.313   -2.161   2536
   0.826   -0.423    0.372   -0.558   -0.524    0.644   -0.078   -0.739   -0.669   31.987  -26.713   -3.561   2537
  -0.395   -0.137    0.909    0.913    0.053    0.405   -0.104    0.989    0.105   31.987  -28.813   15.339   2538
  -0.033   -0.850    0.525   -0.798   -0.294   -0.525    0.601   -0.437   -0.669   31.987  -30.913    0.639   2539
   0.875   -0.385    0.294   -0.385   -0.184    0.905   -0.294   -0.905   -0.309   31.287   18.787  -19.661   2540
   0.033    0.850   -0.525   -0.798   -0.294   -0.525   -0.601    0.437    0.669   31.287  -12.713  -16.861   2541
  -0.896    0.242   -0.372   -0.437   -0.629    0.644   -0.078    0.739    0.669   30.587  -28.113    5.539   2542
  -0.588   -0.809   -0.000    0.541   -0.393    0.743   -0.601    0.437    0.669   30.587  -33.013    3.439   2543
  -0.304    0.812   -0.497   -0.286    0.420    0.861    0.909    0.405    0.105   29.887   -2.913  -31.561   2544
  -0.400   -0.121   -0.909    0.770    0.494   -0.405    0.497   -0.861   -0.105   29.887   -7.813  -29.461   2545
  -0.673   -0.493    0.552    0.466   -0.862   -0.201    0.575    0.122    0.809   29.887  -28.113    4.839   2546
   0.819    0.493   -0.294   -0.570    0.645   -0.509   -0.061    0.585    0.809   29.187   -3.613  -25.961   2547
  -0.156   -0.984   -0.091    0.508   -0.001   -0.861    0.847   -0.180    0.500   29.187  -27.413   11.839   2548
  -0.798    0.294    0.525   -0.033    0.850   -0.525   -0.601   -0.437   -0.669   28.487    1.987  -28.761   2549
   0.246   -0.932    0.268    0.560   -0.089   -0.824    0.791    0.352    0.500   28.487  -14.813  -19.661   2550
   0.048   -0.770   -0.636   -0.364   -0.607    0.707   -0.930    0.198   -0.309   28.487  -25.313   -2.861   2551
  -0.182    0.938    0.294   -0.861   -0.007   -0.509   -0.476   -0.345    0.809   28.487  -29.513   13.939   2552
   0.467   -0.367   -0.805   -0.731    0.351   -0.585    0.497    0.861   -0.105   27.787   30.687   11.139   2553
  -0.845   -0.525    0.099   -0.244    0.214   -0.946    0.476   -0.824   -0.309   27.787    4.787  -28.061   2554
  -0.140    0.985    0.102   -0.797   -0.174    0.579    0.588   -0.000    0.809   27.787  -28.113    3.439   2555
  -0.611    0.743    0.272   -0.679   -0.669    0.302    0.407   -0.000    0.914   27.787  -28.813   10.439   2556
   0.601    0.729   -0.329    0.693   -0.680   -0.239   -0.398   -0.085   -0.914   27.087   19.487  -28.761   2557
   0.457    0.407    0.791    0.203   -0.914    0.352    0.866   -0.000   -0.500   27.087   -0.113  -26.661   2558
   0.603   -0.548    0.579    0.751    0.147   -0.644    0.268    0.824    0.500   27.087  -26.713   -2.161   2559
   0.086   -0.215   -0.973   -0.741    0.638   -0.207    0.665    0.739   -0.105   26.387    4.787   25.839   2560
   0.949   -0.067    0.307    0.297   -0.131   -0.946    0.104    0.989   -0.105   25.687   27.187  -13.361   2561
  -0.643   -0.426    0.636    0.707   -0.012    0.707   -0.294    0.905    0.309   25.687   10.387   23.039   2562
   0.095    0.043    0.995    0.407   -0.914    0.000    0.909    0.405   -0.105   25.687  -30.213   -5.661   2563
  -0.949   -0.297   -0.104    0.067    0.131   -0.989    0.307   -0.946   -0.105   24.987   31.387    6.939   2564
  -0.238   -0.966   -0.099    0.279   -0.166    0.946   -0.930    0.198    0.309   24.987    7.587  -30.861   2565
   0.576    0.763    0.294   -0.581    0.635   -0.509   -0.575    0.122    0.809   24.987  -33.713    0.639   2566
  -0.473   -0.707   -0.525   -0.473    0.707   -0.525    0.743   -0.000   -0.669   24.287    4.087   25.139   2567
   0.064    0.528   -0.847   -0.899    0.399    0.180    0.433    0.750    0.500   24.287   -5.013   26.539   2568
   0.704   -0.410   -0.579    0.704    0.300    0.644   -0.091   -0.861    0.500   24.287  -11.313  -25.261   2569
   0.696    0.026    0.718    0.235   -0.953   -0.192    0.679    0.302   -0.669   24.287  -28.113   -9.161   2570
  -0.936   -0.194   -0.294    0.338   -0.260   -0.905    0.099   -0.946    0.309   23.587  -27.413   -0.061   2571
  -0.070    0.665   -0.743   -0.995   -0.105   -0.000   -0.078    0.739    0.669   22.887    2.687   25.839   2572
   0.302   -0.064   -0.951    0.208    0.978   -0.000    0.930   -0.198    0.309   22.887   -5.713  -32.961   2573
   0.252    0.266    0.930    0.266   -0.943    0.198    0.930    0.198   -0.309   22.887  -12.713  -24.561   2574
  -0.760   -0.342   -0.552    0.277   -0.940    0.201   -0.588    0.000    0.809   22.887  -21.113  -19.661   2575
   0.783   -0.614    0.102   -0.549   -0.603    0.579   -0.294   -0.509   -0.809   22.187   27.887   11.139   2576
   0.300   -0.394    0.869    0.908   -0.163   -0.387    0.294    0.905    0.309   22.187   -7.113   26.539   2577
   0.282   -0.126   -0.951   -0.407   -0.914   -0.000   -0.869    0.387   -0.309   22.187  -30.913    9.039   2578
   0.957    0.203   -0.208    0.208   -0.978   -0.000   -0.203   -0.043   -0.978   21.487  -32.313    3.439   2579
  -0.732   -0.674    0.104    0.147   -0.007    0.989   -0.665    0.739    0.105   20.787   -4.313   29.339   2580
  -0.196   -0.123    0.973   -0.975   -0.081   -0.207    0.104   -0.989   -0.105   20.787  -19.713  -21.061   2581
  -0.457   -0.203   -0.866   -0.407    0.914   -0.000    0.791    0.352   -0.500   20.087   32.087  -16.861   2582
   0.904   -0.312    0.294   -0.424   -0.749    0.509    0.061   -0.585   -0.809   20.087   27.887   13.239   2583
   0.815    0.176    0.552    0.075   -0.977    0.201    0.575   -0.122   -0.809   20.087   22.987  -18.961   2584
  -0.558   -0.824    0.099   -0.310    0.096   -0.946    0.769   -0.559   -0.309   20.087   10.387   26.539   2585
  -0.747   -0.465    0.476    0.193    0.533    0.824   -0.636    0.707   -0.309   20.087  -26.713   -9.161   2586
  -0.104   -0.352    0.930   -0.950   -0.241   -0.198    0.294   -0.905   -0.309   18.687    2.687   25.139   2587
  -0.489   -0.208   -0.847   -0.104    0.978   -0.180    0.866   -0.000   -0.500   18.687  -19.713   25.139   2588
   0.971   -0.216    0.104   -0.195   -0.964   -0.180    0.139    0.155   -0.978   17.987   26.487   11.839   2589
  -0.979    0.071   -0.192    0.190    0.670   -0.718    0.078   -0.739   -0.669   17.987   -0.113   25.139   2590
  -0.581    0.192    0.791    0.689    0.633    0.352   -0.433    0.750   -0.500   17.987  -26.013  -12.661   2591
  -0.003   -0.612   -0.791    0.815   -0.460    0.352   -0.579   -0.644    0.500   16.587    8.287  -27.361   2592
   0.923    0.371    0.102    0.248   -0.777    0.579    0.294   -0.509   -0.809   16.587  -26.713   16.039   2593
   0.270   -0.723    0.636   -0.579    0.406    0.707   -0.769   -0.559   -0.309   15.887   32.087    1.339   2594
  -0.771    0.033   -0.636   -0.565    0.425    0.707    0.294    0.905   -0.309   15.887   14.587  -21.761   2595
   0.952   -0.083   -0.294   -0.083    0.857   -0.509    0.294    0.509    0.809   15.187    2.687   23.039   2596
   0.095   -0.294    0.951   -0.951   -0.309    0.000    0.294   -0.905   -0.309   15.187  -30.913    1.339   2597
   0.609   -0.618    0.497    0.432   -0.267   -0.861    0.665    0.739    0.105   14.487    0.587   27.239   2598
   0.258    0.465   -0.847    0.962   -0.206    0.180   -0.091   -0.861   -0.500   13.787   11.087   23.039   2599
   0.704   -0.549    0.450    0.707    0.597   -0.378   -0.061    0.585    0.809   13.787   10.387  -23.161   2600
   0.540   -0.551    0.636   -0.694    0.136    0.707   -0.476   -0.824   -0.309   13.787  -28.113    6.239   2601
   0.467   -0.163    0.869    0.435   -0.813   -0.387    0.769    0.559   -0.309   13.087   27.187   12.539   2602
   0.326    0.692    0.644   -0.658    0.655   -0.372   -0.679   -0.302    0.669   13.087   10.387   23.039   2603
  -0.018   -0.713    0.701   -0.713   -0.482   -0.509    0.701   -0.509   -0.500   13.087    1.287  -29.461   2604
   0.143   -0.952    0.272    0.952    0.057   -0.302    0.272    0.302    0.914   13.087  -21.813   18.839   2605
   0.610   -0.593   -0.525    0.316    0.790   -0.525    0.727    0.155    0.669   12.387  -25.313   11.839   2606
   0.070    0.078   -0.995    0.743   -0.669   -0.000   -0.665   -0.739   -0.105   11.687   36.287   -6.361   2607
  -0.682   -0.702   -0.203   -0.720    0.598    0.352   -0.126    0.387   -0.914   11.687    0.587  -28.061   2608
  -0.009   -0.232   -0.973   -0.418    0.885   -0.207    0.909    0.405   -0.105   11.687   -0.113   26.539   2609
   0.875   -0.385   -0.294   -0.385   -0.184   -0.905    0.294    0.905   -0.309   11.687   -0.813  -24.561   2610
   0.717    0.283   -0.636   -0.689    0.158   -0.707   -0.099    0.946    0.309   11.687  -28.813    7.639   2611
   0.739    0.537    0.407   -0.588    0.809    0.000   -0.329   -0.239    0.914   10.987    9.687   18.839   2612
   0.452    0.412    0.791   -0.887    0.298    0.352   -0.091   -0.861    0.500   10.987   -0.813   23.739   2613
  -0.246    0.560   -0.791   -0.932    0.089    0.352    0.268    0.824    0.500   10.287   20.887  -16.161   2614
  -0.182   -0.938   -0.294   -0.861    0.007    0.509   -0.476    0.345   -0.809   10.287    0.587  -27.361   2615
   0.845   -0.525   -0.099   -0.244   -0.214   -0.946    0.476    0.824   -0.309   10.287  -14.113   23.739   2616
  -0.384   -0.791   -0.476    0.510    0.247   -0.824    0.769   -0.559    0.309   10.287  -20.413  -18.261   2617
   0.316   -0.943    0.104   -0.938   -0.295    0.180   -0.139   -0.155   -0.978   10.287  -21.813  -23.161   2618
  -0.003    0.815    0.579   -0.612   -0.460    0.644    0.791   -0.352    0.500   10.287  -22.513  -16.861   2619
  -0.104    0.950   -0.294   -0.352    0.241    0.905    0.930    0.198    0.309    9.587   22.987  -16.861   2620
  -0.685    0.296    0.665    0.660   -0.133    0.739    0.307    0.946   -0.105    8.887  -25.313    6.939   2621
   0.759   -0.096    0.644   -0.420   -0.828    0.372    0.497   -0.552   -0.669    8.187   -4.313  -28.061   2622
   0.507   -0.778   -0.372    0.463    0.610   -0.644    0.727    0.155    0.669    7.487    6.187   20.939   2623
  -0.048   -0.770    0.636   -0.364    0.607    0.707   -0.930   -0.198   -0.309    7.487    5.487  -23.861   2624
   0.196   -0.123   -0.973    0.975   -0.081    0.207   -0.104   -0.989    0.105    7.487   -1.513  -25.261   2625
   0.609    0.432    0.665    0.618    0.267   -0.739   -0.497    0.861   -0.105    7.487  -17.613  -16.161   2626
  -0.296    0.706   -0.644    0.927    0.051   -0.372   -0.230   -0.707   -0.669    7.487  -22.513    2.039   2627
  -0.416    0.035    0.909    0.856   -0.323    0.405    0.307    0.946    0.105    6.787   15.287  -19.661   2628
   0.207   -0.743    0.636    0.230    0.669    0.707   -0.951    0.000    0.309    6.787    8.987  -21.061   2629
   0.376    0.763    0.525    0.849   -0.056   -0.525   -0.372    0.644   -0.669    6.787    6.887  -28.061   2630
   0.211    0.854   -0.476   -0.448   -0.348   -0.824   -0.869    0.387    0.309    6.787   -2.213  -28.761   2631
   0.956    0.004    0.294    0.277    0.325   -0.905   -0.099    0.946    0.309    6.787   -8.513   24.439   2632
  -0.927   -0.051    0.372    0.296   -0.706    0.644    0.230    0.707    0.669    6.787   -9.913   24.439   2633
   0.892    0.030   -0.450    0.221   -0.899    0.378   -0.393   -0.437   -0.809    6.787  -14.813  -21.061   2634
   0.831    0.389   -0.398   -0.389    0.917    0.085    0.398    0.085    0.914    6.087   32.087   -4.261   2635
   0.673   -0.238   -0.701   -0.238    0.827   -0.509    0.701    0.509    0.500    6.087   27.887    7.639   2636
  -0.011    0.495    0.869   -0.639    0.665   -0.387   -0.769   -0.559    0.309    6.087   24.387  -13.361   2637
   0.547    0.430    0.718    0.750   -0.633   -0.192    0.372    0.644   -0.669    6.087   10.387   18.839   2638
  -0.436    0.820    0.372    0.838    0.521   -0.165   -0.329    0.239   -0.914    3.987   27.187    0.639   2639
   0.463    0.610   -0.644   -0.507    0.778    0.372    0.727    0.155    0.669    3.987   22.987  -13.361   2640
  -0.835   -0.339   -0.433   -0.543    0.378    0.750   -0.091    0.861   -0.500    3.987   -1.513   21.639   2641
   0.601    0.729   -0.329    0.693   -0.680   -0.239   -0.398   -0.085   -0.914    3.987   -5.013  -24.561   2642
  -0.923    0.333    0.192    0.099    0.689   -0.718   -0.372   -0.644   -0.669    3.287    7.587  -23.161   2643
   0.676    0.487   -0.552    0.675   -0.709    0.201   -0.294   -0.509   -0.809    3.287   -0.813  -21.761   2644
   0.901   -0.342    0.268   -0.030    0.566    0.824   -0.433   -0.750    0.500    2.587   26.487   -7.761   2645
  -0.156   -0.508   -0.847   -0.984    0.001    0.180   -0.091    0.861   -0.500    2.587    9.687  -17.561   2646
  -0.052    0.497    0.866    0.995    0.105    0.000   -0.091    0.861   -0.500    2.587   -5.013   20.239   2647
   0.448    0.497   -0.743   -0.743    0.669   -0.000    0.497    0.552    0.669    2.587  -16.913   23.039   2648
  -0.875   -0.217    0.433   -0.217   -0.625   -0.750    0.433   -0.750    0.500    1.887   22.287   -1.461   2649
  -0.916   -0.398   -0.043   -0.380    0.832    0.405   -0.126    0.387   -0.914    1.887   19.487    2.739   2650
  -0.746    0.609   -0.268    0.505    0.257   -0.824   -0.433   -0.750   -0.500    1.887   17.387   15.339   2651
   0.547   -0.430    0.718   -0.750   -0.633    0.192    0.372   -0.644   -0.669    1.887   11.787   13.939   2652
  -0.250    0.433    0.866    0.866    0.500    0.000   -0.433    0.750   -0.500    1.887   -4.313   18.139   2653
  -0.676   -0.487    0.552   -0.675    0.709   -0.201   -0.294   -0.509   -0.809    1.887   -4.313  -22.461   2654
   0.610    0.593   -0.525   -0.316    0.790    0.525    0.727   -0.155    0.669    1.887  -17.613  -14.761   2655
  -0.671   -0.369   -0.644    0.147   -0.917    0.372   -0.727    0.155    0.669    1.887  -20.413   -0.061   2656
   0.162    0.571   -0.805   -0.385   -0.714   -0.585   -0.909    0.405    0.105    1.887  -22.513   -6.361   2657
  -0.046   -0.695   -0.718   -0.972   -0.134    0.192   -0.230    0.707   -0.669    1.187    9.687  -15.461   2658
  -0.542   -0.464    0.701    0.835   -0.208    0.509   -0.091    0.861    0.500    1.187   -9.913  -18.261   2659
  -0.643   -0.707    0.294   -0.426    0.012   -0.905    0.636   -0.707   -0.309    1.187  -11.313  -19.661   2660
  -0.095    0.407    0.909    0.043    0.914   -0.405   -0.995    0.000   -0.105    1.187  -19.013    0.639   2661
   0.113    0.482    0.869    0.763    0.518   -0.387   -0.636    0.707   -0.309    0.487   12.487    3.439   2662
   0.482   -0.826    0.294   -0.419    0.077    0.905   -0.769   -0.559   -0.309    0.487    4.087   23.039   2663
  -0.039    0.593    0.805   -0.228    0.779   -0.585   -0.973   -0.207    0.105   -0.213   14.587   -1.461   2664
  -0.491   -0.062    0.869   -0.595   -0.705   -0.387    0.636   -0.707    0.309   -0.213    5.487   -9.161   2665
   0.190   -0.670   -0.718   -0.979   -0.071   -0.192    0.078    0.739   -0.669   -0.213   -2.213   17.439   2666
   0.095   -0.043    0.995    0.407    0.914    0.000   -0.909    0.405    0.105   -0.913   20.187   -0.061   2667
   0.270   -0.723   -0.636    0.579   -0.406    0.707   -0.769   -0.559    0.309   -0.913   15.287   -1.461   2668
   0.032   -0.951   -0.307   -0.099   -0.309    0.946   -0.995    0.000   -0.105   -0.913   13.187   -2.861   2669
  -0.936   -0.194   -0.294   -0.338    0.260    0.905   -0.099    0.946   -0.309   -0.913    4.787   13.239   2670
   0.457   -0.203   -0.866    0.407    0.914   -0.000    0.791   -0.352    0.500   -0.913    4.787  -13.361   2671
   0.435   -0.305   -0.847    0.305    0.935   -0.180    0.847   -0.180    0.500   -1.613    2.687  -12.661   2672
  -0.070    0.665    0.743    0.995    0.105    0.000   -0.078    0.739   -0.669   -2.313   10.387   -9.861   2673
  -0.482   -0.657    0.579   -0.224    0.732    0.644   -0.847    0.180   -0.500   -2.313    6.887   -9.861   2674
   0.371   -0.589   -0.718    0.708    0.680   -0.192    0.601   -0.437    0.669   -2.313    4.087   -9.161   2675
   0.095   -0.951   -0.294    0.294    0.309   -0.905    0.951   -0.000    0.309   -2.313   -8.513  -11.261   2676
   0.555   -0.622    0.552   -0.635   -0.746   -0.201    0.537   -0.239   -0.809   -2.313   -8.513  -22.461   2677
   0.493    0.560   -0.665    0.330    0.587    0.739    0.805   -0.585    0.105   -2.313  -16.213    4.839   2678
  -0.585   -0.101    0.805   -0.750   -0.308   -0.585    0.307   -0.946    0.105   -3.013  -12.713    6.939   2679
   0.610   -0.593   -0.525    0.316    0.790   -0.525    0.727    0.155    0.669   -3.713    6.187   -2.861   2680
  -0.155   -0.476    0.866   -0.951    0.309    0.000   -0.268   -0.824   -0.500   -3.713    4.787    4.839   2681
   0.282    0.126   -0.951    0.407   -0.914   -0.000   -0.869   -0.387   -0.309   -3.713    0.587   -5.661   2682
  -0.867   -0.488    0.104    0.039    0.142    0.989   -0.497    0.861   -0.105   -3.713  -11.313    2.739   2683
  -0.986    0.136   -0.099   -0.136   -0.295    0.946    0.099    0.946    0.309   -5.113    7.587  -18.961   2684
   0.384    0.510    0.769   -0.791   -0.247    0.559    0.476   -0.824    0.309   -5.113    1.987  -22.461   2685
   0.879    0.432   -0.203    0.346   -0.870   -0.352   -0.329    0.239   -0.914   -5.813   -5.013   13.239   2686
  -0.759    0.096   -0.644   -0.420   -0.828    0.372   -0.497    0.552    0.669   -6.513    5.487    6.239   2687
   0.166   -0.798    0.579   -0.694    0.323    0.644   -0.701   -0.509   -0.500   -7.213   13.887    4.139   2688
   0.326   -0.692    0.644    0.658    0.655    0.372   -0.679    0.302    0.669   -7.213   13.887    2.039   2689
  -0.601    0.729   -0.329    0.693    0.680    0.239    0.398   -0.085   -0.914   -7.213    1.287    8.339   2690
   0.965   -0.231    0.126    0.167    0.907    0.387   -0.203   -0.352    0.914   -9.313    2.687    2.739   2691
  -0.673    0.733    0.104   -0.737   -0.651   -0.180   -0.064   -0.198    0.978   -9.313   -0.813    6.939   2692
  -0.673    0.567   -0.476   -0.567    0.018    0.824    0.476    0.824    0.309   -9.313   -5.713    4.139   2693
   0.871    0.121    0.476    0.393    0.409   -0.824   -0.294    0.905    0.309  -11.413   -0.813   -3.561   2694
   0.307   -0.644    0.701   -0.848    0.150    0.509   -0.433   -0.750   -0.500   49.487   -5.713    4.139   2695
  -0.867   -0.488    0.104   -0.039   -0.142   -0.989    0.497   -0.861    0.105   46.687    1.987   -0.761   2696
   0.975   -0.181    0.126    0.217    0.896   -0.387   -0.043    0.405    0.914   45.987    4.787    0.639   2697
   0.551   -0.812   -0.192   -0.485   -0.499    0.718   -0.679   -0.302   -0.669   45.287    7.587   -4.261   2698
  -0.771   -0.565   -0.294    0.033    0.425   -0.905    0.636   -0.707   -0.309   45.287    1.287  -11.961   2699
   0.335    0.743   -0.579   -0.372    0.669    0.644    0.866   -0.000    0.500   44.587   12.487    0.639   2700
   0.493   -0.560   -0.665    0.330   -0.587    0.739   -0.805   -0.585   -0.105   44.587    6.187    5.539   2701
  -0.896    0.352    0.272    0.427    0.852    0.302   -0.126    0.387   -0.914   44.587    6.187  -11.961   2702
  -0.949   -0.158    0.272   -0.240    0.923   -0.302   -0.203   -0.352   -0.914   44.587    5.487    0.639   2703
   0.957   -0.203   -0.208    0.208    0.978   -0.000    0.203   -0.043    0.978   43.887   10.387   12.539   2704
   0.894   -0.208   -0.398   -0.190   -0.978    0.085   -0.407    0.000   -0.914   43.887    3.387   -6.361   2705
  -0.238   -0.707   -0.665    0.343    0.580   -0.739    0.909   -0.405    0.105   43.187    1.987   -8.461   2706
   0.104    0.352   -0.930    0.950    0.241    0.198    0.294   -0.905   -0.309   43.187    1.287   -2.861   2707
   0.816    0.170    0.552    0.328   -0.923   -0.201    0.476    0.345   -0.809   43.187    1.287  -10.561   2708
   0.491   -0.062   -0.869   -0.595    0.705   -0.387    0.636    0.707    0.309   43.187    0.587    9.739   2709
   0.576    0.763    0.294    0.581   -0.635    0.509    0.575   -0.122   -0.809   43.187   -0.813   -2.161   2710
   0.776    0.415   -0.476   -0.558    0.100   -0.824   -0.294    0.905    0.309   42.487    6.887   11.839   2711
   0.548    0.783    0.294    0.783   -0.357   -0.509   -0.294    0.509   -0.809   42.487    5.487   -6.361   2712
  -0.070   -0.078   -0.995   -0.743    0.669   -0.000    0.665    0.739   -0.105   42.487    0.587   10.439   2713
  -0.492    0.870   -0.043   -0.787   -0.465   -0.405   -0.372   -0.165    0.914   42.487   -7.113   12.539   2714
  -0.282   -0.126    0.951   -0.407    0.914    0.000   -0.869   -0.387   -0.309   42.487   -9.913   -3.561   2715
  -0.646   -0.259    0.718    0.173   -0.966   -0.192    0.743   -0.000    0.669   41.787   11.087   -4.261   2716
   0.009    0.232    0.973    0.418   -0.885    0.207    0.909    0.405   -0.105   41.787    6.187   -4.261   2717
   0.457   -0.866   -0.203    0.791    0.500   -0.352    0.407   -0.000    0.914   41.087   15.987   14.639   2718
  -0.173    0.503    0.847    0.796    0.577   -0.180   -0.579    0.644   -0.500   41.087    7.587   -2.861   2719
  -0.811   -0.394    0.433   -0.082   -0.656   -0.750    0.579   -0.644    0.500   41.087    5.487  -16.161   2720
  -0.835   -0.407    0.372   -0.372    0.914    0.165   -0.407    0.000   -0.914   41.087   -2.913   -4.961   2721
   0.437    0.629    0.644   -0.896    0.242    0.372    0.078   -0.739    0.669   41.087   -5.713   -8.461   2722
   0.500   -0.000    0.866    0.000    1.000    0.000   -0.866    0.000    0.500   41.087   -6.413  -20.361   2723
   0.655    0.727    0.208   -0.743    0.669    0.000   -0.139   -0.155    0.978   40.387    6.887   13.239   2724
   0.207   -0.230   -0.951    0.743    0.669   -0.000    0.636   -0.707    0.309   40.387    4.787  -11.261   2725
  -0.435   -0.305    0.847    0.305   -0.935   -0.180    0.847    0.180    0.500   40.387   -5.013   -8.461   2726
   0.643    0.707    0.294   -0.426    0.012    0.905    0.636   -0.707    0.309   40.387  -16.913    2.739   2727
   0.643    0.707    0.294   -0.426    0.012    0.905    0.636   -0.707    0.309   40.387  -16.913    2.039   2728
  -0.895    0.325   -0.307   -0.325    0.001    0.946    0.307    0.946    0.105   40.387  -23.913   -7.061   2729
   0.407   -0.914    0.000    0.611    0.272   -0.743    0.679    0.302    0.669   39.687   15.287   16.739   2730
  -0.011   -0.495    0.869   -0.639   -0.665   -0.387    0.769   -0.559   -0.309   39.687  -21.813    3.439   2731
   0.173    0.796   -0.579   -0.503    0.577    0.644    0.847    0.180    0.500   38.987   -5.013  -19.661   2732
   0.032   -0.099   -0.995   -0.951   -0.309   -0.000   -0.307    0.946   -0.105   38.287   -0.813   -8.461   2733
  -0.143   -0.752   -0.644   -0.917   -0.143    0.372   -0.372    0.644   -0.669   38.287   -2.913  -22.461   2734
  -0.717    0.689   -0.099   -0.283   -0.158    0.946    0.636    0.707    0.309   38.287   -2.913  -25.261   2735
  -0.732    0.674   -0.104   -0.147   -0.007    0.989    0.665    0.739    0.105   38.287   -5.013  -24.561   2736
  -0.282    0.126   -0.951    0.407    0.914   -0.000    0.869   -0.387   -0.309   38.287  -23.213  -11.961   2737
   0.761   -0.128    0.636   -0.641   -0.298    0.707    0.099   -0.946   -0.309   37.587  -20.413   18.839   2738
  -0.457   -0.407    0.791   -0.203    0.914    0.352   -0.866    0.000   -0.500   36.887    9.687   17.439   2739
   0.175   -0.980   -0.099   -0.322    0.038   -0.946    0.930    0.198   -0.309   36.187   15.987  -11.261   2740
   0.375    0.323   -0.869   -0.922    0.030   -0.387   -0.099    0.946    0.309   36.187   -2.913  -18.961   2741
  -0.791    0.168    0.588    0.208    0.978    0.000   -0.575    0.122   -0.809   36.187  -11.313  -11.261   2742
   0.078   -0.410   -0.909    0.410   -0.817    0.405   -0.909   -0.405    0.105   35.487    6.887   18.839   2743
  -0.085   -0.061   -0.995    0.588   -0.809   -0.000   -0.805   -0.585    0.105   35.487    4.087  -18.961   2744
   0.686    0.119   -0.718   -0.031   -0.981   -0.192   -0.727    0.155   -0.669   35.487   -6.413  -21.761   2745
   0.776   -0.388   -0.497    0.388   -0.328    0.861   -0.497   -0.861   -0.105   34.787  -13.413  -13.361   2746
  -0.949    0.117   -0.294   -0.259   -0.821    0.509   -0.182    0.559    0.809   34.087  -13.413   21.639   2747
  -0.434    0.566    0.701   -0.860   -0.030   -0.509   -0.268   -0.824    0.500   34.087  -16.913  -11.961   2748
   0.465    0.879   -0.102    0.747   -0.328    0.579    0.476   -0.345   -0.809   34.087  -21.813   16.039   2749
   0.531    0.009    0.847   -0.303    0.936    0.180   -0.791   -0.352    0.500   33.387   21.587   -9.861   2750
   0.871   -0.393   -0.294   -0.121    0.409   -0.905    0.476    0.824    0.309   33.387   20.187   -8.461   2751
  -0.156    0.984   -0.091    0.508    0.001   -0.861   -0.847   -0.180   -0.500   33.387   -2.213  -22.461   2752
  -0.540   -0.551   -0.636   -0.694   -0.136    0.707   -0.476    0.824   -0.309   33.387  -22.513    9.739   2753
  -0.747    0.193    0.636    0.465   -0.533    0.707    0.476    0.824    0.309   32.687   11.787  -19.661   2754
   0.217   -0.971    0.104   -0.080   -0.124   -0.989    0.973    0.207   -0.105   32.687   -0.113  -21.761   2755
  -0.425    0.320    0.847   -0.795   -0.579   -0.180    0.433   -0.750    0.500   32.687   -9.913  -21.761   2756
  -0.407   -0.914    0.000   -0.611    0.272   -0.743    0.679   -0.302   -0.669   32.687  -25.313   19.539   2757
  -0.102   -0.022    0.995   -0.208    0.978    0.000   -0.973   -0.207   -0.105   31.987   -9.913  -27.361   2758
  -0.166   -0.694    0.701    0.798    0.323    0.509   -0.579    0.644    0.500   31.287   24.387   13.939   2759
   0.205    0.557   -0.805   -0.108   -0.804   -0.585   -0.973    0.207   -0.105   31.287   10.387  -26.661   2760
  -0.384   -0.510    0.769   -0.791   -0.247   -0.559    0.476   -0.824   -0.309   31.287   -9.913   28.639   2761
  -0.896    0.242   -0.372   -0.437   -0.629    0.644   -0.078    0.739    0.669   31.287  -27.413    5.539   2762
  -0.923   -0.333    0.192   -0.099    0.689    0.718   -0.372    0.644   -0.669   30.587  -16.213  -22.461   2763
  -0.810    0.522    0.268   -0.089   -0.560    0.824    0.579    0.644    0.500   30.587  -27.413   16.739   2764
  -0.693    0.714    0.102    0.542    0.609   -0.579   -0.476   -0.345   -0.809   29.887   17.387   26.539   2765
   0.505   -0.857    0.104    0.857    0.484   -0.180    0.104    0.180    0.978   29.887   16.687   25.839   2766
   0.835    0.372    0.407    0.407   -0.914    0.000    0.372    0.165   -0.914   29.887    3.387   24.439   2767
  -0.175   -0.745    0.644   -0.780    0.504    0.372   -0.601   -0.437   -0.669   29.887   -7.813  -28.061   2768
   0.357   -0.497   -0.791    0.930    0.107    0.352   -0.091   -0.861    0.500   29.887  -11.313  -22.461   2769
   0.052   -0.866   -0.497   -0.091   -0.500    0.861   -0.995    0.000   -0.105   29.887  -24.613    9.039   2770
  -0.658   -0.655   -0.372   -0.326    0.692   -0.644    0.679   -0.302   -0.669   29.887  -25.313   19.539   2771
   0.927    0.051   -0.372    0.296   -0.706    0.644   -0.230   -0.707   -0.669   29.887  -26.013   12.539   2772
   0.482   -0.419    0.769   -0.826    0.077    0.559   -0.294   -0.905   -0.309   29.187   21.587  -11.961   2773
  -0.608   -0.543   -0.579    0.067   -0.762    0.644   -0.791    0.352    0.500   29.187   -7.813  -20.361   2774
   0.828   -0.335   -0.450   -0.163   -0.911    0.378   -0.537   -0.239   -0.809   28.487   11.087   20.239   2775
  -0.655   -0.397    0.644   -0.720    0.586   -0.372   -0.230   -0.707   -0.669   28.487  -13.413   24.439   2776
   0.057   -0.225    0.973    0.225    0.952    0.207   -0.973    0.207    0.105   28.487  -14.813  -26.661   2777
  -0.407   -0.914   -0.000   -0.611    0.272    0.743   -0.679    0.302   -0.669   28.487  -23.213  -23.861   2778
  -0.205    0.557    0.805   -0.108    0.804   -0.585   -0.973   -0.207   -0.105   27.787   29.987   -2.861   2779
  -0.776   -0.249    0.579    0.249    0.724    0.644   -0.579    0.644   -0.500   27.087  -24.613  -11.261   2780
  -0.467   -0.435    0.769    0.163    0.813    0.559   -0.869    0.387   -0.309   27.087  -27.413   -7.761   2781
   0.250    0.433   -0.866    0.866   -0.500   -0.000   -0.433   -0.750   -0.500   25.687   29.987   -8.461   2782
   0.776    0.388    0.497    0.388    0.328   -0.861   -0.497    0.861    0.105   25.687   27.887  -10.561   2783
   0.879   -0.346   -0.329    0.432    0.870    0.239    0.203   -0.352    0.914   25.687    0.587   29.339   2784
   0.099   -0.689    0.718   -0.923   -0.333   -0.192    0.372   -0.644   -0.669   25.687  -18.313   25.139   2785
  -0.916   -0.398   -0.043    0.380   -0.832   -0.405    0.126   -0.387    0.914   24.987  -20.413   20.239   2786
  -0.593   -0.798   -0.104    0.023   -0.146    0.989   -0.805    0.585    0.105   24.987  -23.213  -11.261   2787
   0.723    0.252   -0.644    0.583   -0.723    0.372   -0.372   -0.644   -0.669   24.287   27.187   19.539   2788
   0.604   -0.480    0.636   -0.208    0.676    0.707   -0.769   -0.559    0.309   24.287   10.387  -26.661   2789
  -0.895   -0.325    0.307   -0.325   -0.001   -0.946    0.307   -0.946   -0.105   22.887  -28.813   -4.961   2790
   0.655    0.397   -0.644    0.720   -0.586    0.372   -0.230   -0.707   -0.669   22.187   26.487   20.239   2791
  -0.696   -0.026   -0.718    0.235   -0.953   -0.192   -0.679   -0.302    0.669   22.187   26.487  -10.561   2792
   0.693    0.714   -0.102   -0.542    0.609    0.579    0.476   -0.345    0.809   21.487   26.487   20.939   2793
  -0.916    0.380    0.126   -0.398   -0.832   -0.387   -0.043   -0.405    0.914   20.787  -19.013  -24.561   2794
   0.357    0.882   -0.307    0.217    0.242    0.946    0.909   -0.405   -0.105   20.787  -25.313    9.739   2795
  -0.787   -0.521   -0.329    0.603   -0.761   -0.239   -0.126   -0.387    0.914   20.087  -28.813    7.639   2796
  -0.420    0.788   -0.450   -0.889   -0.258    0.378    0.182    0.559    0.809   20.087  -30.913   -1.461   2797
   0.270    0.723    0.636   -0.579   -0.406    0.707    0.769   -0.559    0.309   20.087  -31.613   -0.761   2798
  -0.887   -0.452   -0.091    0.158   -0.483    0.861   -0.433    0.750    0.500   19.387   35.587    8.339   2799
  -0.518   -0.491   -0.701    0.119   -0.852    0.509   -0.847    0.180    0.500   18.687    3.387   23.739   2800
  -0.771   -0.033   -0.636    0.565    0.425   -0.707    0.294   -0.905   -0.309   17.287   12.487  -24.561   2801
   0.896    0.427    0.126    0.352   -0.852    0.387    0.272   -0.302   -0.914   17.287  -28.113   16.739   2802
   0.604    0.480   -0.636   -0.208   -0.676   -0.707   -0.769    0.559   -0.309   16.587   16.687  -30.161   2803
  -0.328   -0.746    0.579   -0.746   -0.172   -0.644    0.579   -0.644   -0.500   16.587    1.987  -28.061   2804
   0.879    0.156   -0.450    0.030    0.925    0.378    0.476   -0.345    0.809   16.587  -26.713   -9.861   2805
  -0.999   -0.009   -0.043    0.009    0.914   -0.405    0.043   -0.405   -0.914   15.887    1.287   23.739   2806
  -0.270   -0.579   -0.769    0.723    0.406   -0.559    0.636   -0.707    0.309   15.887  -16.213  -30.861   2807
  -0.604    0.208   -0.769   -0.480    0.676    0.559    0.636    0.707   -0.309   15.887  -19.713   22.339   2808
  -0.949    0.117    0.294   -0.259   -0.821   -0.509    0.182   -0.559    0.809   15.887  -21.113   23.739   2809
   0.771    0.565   -0.294   -0.033   -0.425   -0.905   -0.636    0.707   -0.309   15.887  -22.513   19.539   2810
   0.305   -0.839   -0.450    0.787    0.488   -0.378    0.537   -0.239    0.809   15.187   17.387  -27.361   2811
  -0.747   -0.193   -0.636    0.465    0.533   -0.707    0.476   -0.824   -0.309   15.187   13.887  -23.861   2812
  -0.446    0.535   -0.718    0.865    0.463   -0.192    0.230   -0.707   -0.669   15.187  -23.913   19.539   2813
   0.722   -0.627    0.294   -0.437   -0.742   -0.509    0.537    0.239   -0.809   15.187  -28.813    7.639   2814
   0.776   -0.249   -0.579   -0.249    0.724   -0.644    0.579    0.644    0.500   14.487    1.287   25.139   2815
   0.609   -0.061    0.791    0.372   -0.859   -0.352    0.701    0.509   -0.500   13.787   18.787  -18.261   2816
   0.655    0.727    0.208    0.743   -0.669    0.000    0.139    0.155   -0.978   13.787   12.487   20.239   2817
   0.658    0.745    0.104    0.725   -0.665    0.180    0.203   -0.043   -0.978   13.787   11.087   20.939   2818
  -0.783   -0.614    0.102    0.549   -0.603    0.579   -0.294    0.509    0.809   13.787  -14.813   23.739   2819
   0.325    0.616    0.718   -0.943    0.273    0.192   -0.078   -0.739    0.669   13.787  -31.613   -0.061   2820
   0.155   -0.476    0.866   -0.951   -0.309    0.000    0.268   -0.824   -0.500   13.087  -30.213   -3.561   2821
   0.634    0.077    0.769    0.610    0.562   -0.559   -0.476    0.824    0.309   12.387  -29.513    2.739   2822
  -0.746   -0.505    0.433   -0.609    0.257   -0.750    0.268   -0.824   -0.500   11.687   36.287   -8.461   2823
  -0.238   -0.343   -0.909    0.707    0.580   -0.405    0.665   -0.739    0.105   11.687   11.087  -25.261   2824
  -0.992    0.072   -0.099   -0.072    0.317    0.946    0.099    0.946   -0.309   11.687    4.087   22.339   2825
   0.095    0.951    0.294    0.294   -0.309    0.905    0.951   -0.000   -0.309   11.687   -7.113   28.639   2826
  -0.467    0.731    0.497    0.367   -0.351    0.861    0.805    0.585   -0.105   11.687  -24.613   11.139   2827
  -0.156    0.508   -0.847   -0.984   -0.001    0.180    0.091    0.861    0.500   10.987   27.887  -15.461   2828
   0.166    0.161   -0.973    0.937    0.282    0.207    0.307   -0.946   -0.105   10.987  -25.313   15.339   2829
  -0.395   -0.913    0.104    0.137    0.053    0.989   -0.909    0.405    0.105   10.287   11.087  -27.361   2830
   0.763   -0.064   -0.644   -0.238    0.897   -0.372    0.601    0.437    0.669   10.287    5.487   21.639   2831
  -0.039    0.228   -0.973    0.593   -0.779   -0.207   -0.805   -0.585   -0.105   10.287   -3.613   21.639   2832
  -0.747    0.465    0.476    0.193   -0.533    0.824    0.636    0.707    0.309   10.287  -26.013    7.639   2833
  -0.428    0.883   -0.192   -0.675   -0.171    0.718    0.601    0.437    0.669    9.587   18.787  -18.261   2834
  -0.894   -0.398    0.208   -0.407    0.914    0.000   -0.190   -0.085   -0.978    9.587   -6.413   23.039   2835
   0.205   -0.108   -0.973   -0.557    0.804   -0.207    0.805    0.585    0.105    8.187   15.287  -22.461   2836
  -0.272   -0.957   -0.102   -0.798    0.165    0.579   -0.537    0.239   -0.809    8.187  -11.313   25.839   2837
   0.928    0.032    0.372   -0.032   -0.986    0.165    0.372   -0.165   -0.914    8.187  -24.613  -16.161   2838
   0.654   -0.544    0.525    0.753    0.397   -0.525    0.078    0.739    0.669    7.487    3.387  -25.961   2839
   0.414   -0.724    0.552    0.776    0.598    0.201   -0.476    0.345    0.809    7.487    2.687   23.039   2840
   0.298    0.949    0.104    0.933   -0.313    0.180    0.203    0.043   -0.978    7.487  -24.613  -15.461   2841
  -0.685   -0.660   -0.307    0.296    0.133   -0.946    0.665   -0.739    0.105    6.787   29.287    9.739   2842
  -0.835   -0.543    0.091   -0.339    0.378   -0.861    0.433   -0.750   -0.500    6.787  -14.813   25.839   2843
  -0.143   -0.182   -0.973    0.182    0.961   -0.207    0.973   -0.207   -0.105    6.087    8.987  -18.961   2844
  -0.771   -0.033    0.636    0.565    0.425    0.707   -0.294    0.905   -0.309    4.687  -16.213   12.539   2845
  -0.588   -0.809    0.000    0.541   -0.393   -0.743    0.601   -0.437    0.669    4.687  -21.813    3.439   2846
  -0.655   -0.139    0.743   -0.208    0.978    0.000   -0.727   -0.155   -0.669    3.987   11.087   18.139   2847
