   0.936    0.194    0.294    0.338   -0.260   -0.905   -0.099    0.946   -0.309   10.987  -16.913  -19.661   5001
  -0.267   -0.942   -0.203   -0.878    0.325   -0.352    0.398    0.085   -0.914   10.987  -19.013   22.339   5002
   0.211    0.854   -0.476   -0.448   -0.348   -0.824   -0.869    0.387    0.309   10.987  -28.113    6.939   5003
  -0.282    0.126   -0.951   -0.407   -0.914   -0.000   -0.869    0.387    0.309   10.287   22.987  -25.961   5004
  -0.443    0.803   -0.398    0.854    0.513    0.085    0.272   -0.302   -0.914   10.287   14.587  -23.161   5005
  -0.473    0.758    0.450    0.668    0.641   -0.378   -0.575    0.122   -0.809   10.287   11.787   19.539   5006
  -0.691    0.344    0.636   -0.344    0.618   -0.707   -0.636   -0.707   -0.309    9.587   25.787   13.939   5007
   0.493    0.041    0.869    0.728   -0.566   -0.387    0.476    0.824   -0.309    9.587   19.487  -16.861   5008
   0.914    0.161    0.372   -0.236    0.957    0.165   -0.329   -0.239    0.914    9.587    6.187   18.139   5009
  -0.856    0.143    0.497    0.507    0.038    0.861    0.104    0.989   -0.105    8.887   35.587   -4.961   5010
   0.673   -0.733    0.104    0.737    0.651   -0.180    0.064    0.198    0.978    8.887    9.687  -27.361   5011
  -0.063    0.891   -0.450    0.917   -0.126   -0.378   -0.393   -0.437   -0.809    8.887   -5.713   24.439   5012
  -0.609    0.372    0.701    0.061   -0.859    0.509    0.791    0.352    0.500    8.887  -12.013   26.539   5013
  -0.791    0.575   -0.208    0.588    0.809   -0.000    0.168   -0.122   -0.978    8.887  -14.813  -22.461   5014
  -0.102    0.208    0.973   -0.022   -0.978    0.207    0.995   -0.000    0.105    8.887  -32.313   -9.161   5015
   0.979    0.199   -0.043    0.199   -0.893    0.405    0.043   -0.405   -0.914    8.187    6.187  -22.461   5016
   0.531    0.009   -0.847    0.303   -0.936    0.180   -0.791   -0.352   -0.500    8.187  -16.213  -21.761   5017
   0.047    0.927   -0.372    0.733    0.221    0.644    0.679   -0.302   -0.669    7.487   27.187  -15.461   5018
  -0.675    0.171   -0.718   -0.428   -0.883    0.192   -0.601    0.437    0.669    7.487   -3.613  -28.761   5019
   0.956    0.004    0.294    0.277    0.325   -0.905   -0.099    0.946    0.309    7.487   -9.213   24.439   5020
   0.704    0.704   -0.091    0.410   -0.300    0.861    0.579   -0.644   -0.500    6.787   20.887  -11.261   5021
   0.558    0.524    0.644    0.826   -0.423   -0.372    0.078    0.739   -0.669    6.787   11.787   21.639   5022
   0.416    0.856   -0.307   -0.035   -0.323   -0.946   -0.909    0.405   -0.105    6.787  -12.013  -31.561   5023
  -0.102    0.973    0.208    0.995    0.105    0.000   -0.022    0.207   -0.978    6.787  -25.313   -7.761   5024
  -0.491   -0.595    0.636    0.062    0.705    0.707   -0.869    0.387   -0.309    6.087   25.087  -14.061   5025
   0.211    0.854   -0.476   -0.448   -0.348   -0.824   -0.869    0.387    0.309    6.087   -2.213  -28.761   5026
   0.434    0.566    0.701    0.860   -0.030   -0.509   -0.268    0.824   -0.500    6.087  -28.813   13.239   5027
  -0.528   -0.806    0.268   -0.309    0.476    0.824   -0.791    0.352   -0.500    5.387   25.787  -11.261   5028
  -0.302    0.208   -0.930   -0.064   -0.978   -0.198   -0.951    0.000    0.309    5.387   14.587   13.239   5029
  -0.952   -0.147    0.268   -0.147   -0.548   -0.824    0.268   -0.824    0.500    5.387  -16.213  -18.961   5030
  -0.578    0.388    0.718   -0.370   -0.909    0.192    0.727   -0.155    0.669    5.387  -22.513  -11.961   5031
  -0.912   -0.396   -0.104   -0.409    0.895    0.180    0.022    0.207   -0.978    4.687   25.087    1.339   5032
  -0.253    0.333   -0.909    0.333   -0.852   -0.405   -0.909   -0.405    0.105    4.687   12.487   14.639   5033
  -0.335    0.743    0.579   -0.372   -0.669    0.644    0.866   -0.000    0.500    4.687  -15.513  -16.161   5034
  -0.787   -0.521   -0.329   -0.603    0.761    0.239    0.126    0.387   -0.914    3.987   22.987    3.439   5035
   0.155   -0.476   -0.866   -0.951   -0.309   -0.000   -0.268    0.824   -0.500    3.987   20.887   15.339   5036
   0.643   -0.707    0.294   -0.426   -0.012    0.905   -0.636   -0.707   -0.309    3.987    6.187  -21.761   5037
  -0.078   -0.410   -0.909   -0.410   -0.817    0.405   -0.909    0.405   -0.105    3.987  -17.613  -21.061   5038
  -0.611    0.187    0.769    0.786    0.265    0.559   -0.099    0.946   -0.309    3.987  -18.313    6.939   5039
  -0.261    0.792    0.552   -0.963   -0.177   -0.201   -0.061   -0.585    0.809    3.987  -26.713    4.839   5040
  -0.857    0.441   -0.268    0.441    0.357   -0.824   -0.268   -0.824   -0.500    3.287   15.987   18.139   5041
   0.452    0.412    0.791    0.887   -0.298   -0.352    0.091    0.861   -0.500    3.287    9.687  -21.061   5042
  -0.995    0.105   -0.000   -0.070   -0.665    0.743    0.078    0.739    0.669    2.587   29.287    8.339   5043
   0.952   -0.147   -0.268   -0.147    0.548   -0.824    0.268    0.824    0.500    2.587   12.487  -23.861   5044
  -0.155    0.268   -0.951   -0.866   -0.500   -0.000   -0.476    0.824    0.309    2.587    0.587   16.039   5045
  -0.826   -0.423   -0.372   -0.558    0.524    0.644   -0.078    0.739   -0.669    2.587   -1.513   18.839   5046
   0.905    0.413   -0.104    0.391   -0.902   -0.180   -0.168    0.122   -0.978    2.587  -26.713   -5.661   5047
   0.349   -0.401    0.847   -0.898   -0.401    0.180    0.268   -0.824   -0.500    1.887   11.787   13.939   5048
  -0.646    0.259    0.718   -0.173   -0.966    0.192    0.743   -0.000    0.669    1.887   -2.913  -19.661   5049
  -0.258   -0.962   -0.091    0.465   -0.206    0.861   -0.847    0.180    0.500    1.187   12.487  -16.861   5050
   0.541   -0.601    0.588   -0.743   -0.669    0.000    0.393   -0.437   -0.809    1.187   11.787   15.339   5051
  -0.349    0.401    0.847    0.898    0.401    0.180   -0.268    0.824   -0.500    1.187   11.087   11.839   5052
  -0.500    0.000    0.866    0.000    1.000    0.000   -0.866    0.000   -0.500    1.187    9.687   13.939   5053
   0.551   -0.812    0.192    0.485    0.499    0.718   -0.679   -0.302    0.669    1.187    8.987  -20.361   5054
  -0.473   -0.758   -0.450   -0.668    0.641   -0.378    0.575    0.122   -0.809    1.187    5.487  -17.561   5055
  -0.707   -0.405    0.579    0.093    0.760    0.644   -0.701    0.509   -0.500    1.187  -17.613   -3.561   5056
  -0.482   -0.657   -0.579   -0.224    0.732   -0.644    0.847   -0.180   -0.500    1.187  -19.013  -13.361   5057
   0.763   -0.336   -0.552    0.513    0.834    0.201    0.393   -0.437    0.809    1.187  -22.513   -7.061   5058
  -0.746   -0.505    0.433    0.609   -0.257    0.750   -0.268    0.824    0.500    0.487   11.787   11.839   5059
   0.304    0.286    0.909   -0.812   -0.420    0.405    0.497   -0.861    0.105    0.487   10.387    9.039   5060
   0.810   -0.522   -0.268    0.089    0.560   -0.824    0.579    0.644    0.500   -0.213   15.987  -21.061   5061
   0.625    0.650   -0.433    0.650   -0.125    0.750    0.433   -0.750   -0.500   -0.913   17.387   -4.961   5062
   0.610   -0.593   -0.525   -0.316   -0.790    0.525   -0.727   -0.155   -0.669   -0.913    8.987   -4.961   5063
  -0.084   -0.829   -0.552   -0.952    0.230   -0.201    0.294    0.509   -0.809   -0.913    1.987   16.739   5064
  -0.835    0.543   -0.091    0.339    0.378   -0.861   -0.433   -0.750   -0.500   -0.913   -2.913  -26.661   5065
  -0.357   -0.930    0.091   -0.497    0.107   -0.861    0.791   -0.352   -0.500   -0.913  -11.313  -16.861   5066
  -0.162   -0.571    0.805    0.385    0.714    0.585   -0.909    0.405    0.105   -1.613  -19.013    3.439   5067
  -0.261   -0.792   -0.552    0.963   -0.177   -0.201    0.061   -0.585    0.809   -2.313   13.887   -0.061   5068
   0.708   -0.680    0.192   -0.371   -0.589   -0.718    0.601    0.437   -0.669   -2.313   13.887  -15.461   5069
   0.331   -0.815   -0.476   -0.158   -0.545    0.824   -0.930   -0.198   -0.309   -2.313   13.187    0.639   5070
  -0.540   -0.551    0.636    0.694    0.136    0.707   -0.476    0.824    0.309   -2.313   11.087   -2.861   5071
   0.092    0.486    0.869    0.486   -0.783    0.387    0.869    0.387   -0.309   -2.313    8.987  -11.261   5072
   0.485   -0.499   -0.718    0.551    0.812   -0.192    0.679   -0.302    0.669   -2.313    6.887   -8.461   5073
  -0.604   -0.480    0.636   -0.208   -0.676   -0.707    0.769   -0.559    0.309   -2.313    6.187   -7.761   5074
   0.791    0.168   -0.588    0.208   -0.978   -0.000   -0.575   -0.122   -0.809   -2.313   -2.913   18.139   5075
   0.113   -0.988    0.104   -0.979   -0.093    0.180   -0.168   -0.122   -0.978   -3.013   18.787   -7.061   5076
   0.965    0.243   -0.102   -0.256    0.774   -0.579   -0.061    0.585    0.809   -3.013    7.587  -20.361   5077
  -0.732   -0.147    0.665   -0.674    0.007   -0.739    0.104   -0.989   -0.105   -3.013    6.887    1.339   5078
   0.901   -0.030   -0.433    0.342   -0.566    0.750   -0.268   -0.824   -0.500   -3.013    6.187   -9.161   5079
   0.583    0.186   -0.791    0.186    0.917    0.352    0.791   -0.352    0.500   -3.013   -5.013    1.339   5080
  -0.173   -0.796   -0.579    0.503   -0.577    0.644   -0.847   -0.180    0.500   -3.013  -10.613  -15.461   5081
   0.673    0.493    0.552   -0.466    0.862   -0.201   -0.575   -0.122    0.809   -3.713   21.587   -4.961   5082
  -0.774   -0.627    0.091    0.255   -0.439   -0.861    0.579   -0.644    0.500   -3.713   10.387    5.539   5083
   0.867    0.215    0.450    0.403   -0.833   -0.378    0.294    0.509   -0.809   -3.713    6.887   13.939   5084
   0.815    0.176   -0.552   -0.075    0.977    0.201    0.575   -0.122    0.809   -3.713    6.887  -10.561   5085
   0.708   -0.680   -0.192   -0.371   -0.589    0.718   -0.601   -0.437   -0.669   -3.713    1.287   -9.861   5086
   0.057    0.225    0.973    0.225   -0.952    0.207    0.973    0.207   -0.105   -3.713    0.587   -0.761   5087
  -0.400   -0.121    0.909   -0.770   -0.494   -0.405    0.497   -0.861    0.105   -3.713  -12.713  -16.861   5088
   0.916    0.380    0.126   -0.398    0.832    0.387    0.043   -0.405    0.914   -4.413   16.687  -14.761   5089
   0.645    0.754    0.126   -0.668    0.636   -0.387   -0.372    0.165    0.914   -4.413   11.087    8.339   5090
  -0.207    0.230   -0.951   -0.743   -0.669   -0.000   -0.636    0.707    0.309   -4.413    5.487    2.039   5091
   0.588   -0.809   -0.000   -0.541   -0.393    0.743   -0.601   -0.437   -0.669   -4.413   -0.813  -11.961   5092
   0.916   -0.380    0.126    0.398    0.832   -0.387    0.043    0.405    0.914   -4.413  -16.913   -0.761   5093
   0.140   -0.985    0.102    0.797    0.174    0.579   -0.588    0.000    0.809   -5.113    6.187   -4.261   5094
   0.673   -0.567   -0.476    0.567   -0.018    0.824   -0.476   -0.824    0.309   -5.113    1.987    2.039   5095
   0.339    0.141    0.930   -0.141   -0.970    0.198    0.930   -0.198   -0.309   -5.113   -6.413   -0.761   5096
  -0.474   -0.830    0.294    0.143   -0.402   -0.905    0.869   -0.387    0.309   -5.113   -9.213    3.439   5097
   0.335   -0.866    0.372   -0.579   -0.500   -0.644    0.743   -0.000   -0.669   -5.113  -13.413   -4.261   5098
  -0.949   -0.297    0.104   -0.067   -0.131   -0.989    0.307   -0.946    0.105   -5.813    3.387    1.339   5099
   0.717   -0.283    0.636    0.689    0.158   -0.707    0.099    0.946    0.309   -5.813    1.287  -16.161   5100
  -0.583   -0.186   -0.791   -0.186   -0.917    0.352   -0.791    0.352    0.500   -5.813   -9.213    5.539   5101
   0.011   -0.495    0.869    0.639   -0.665   -0.387    0.769    0.559    0.309   -5.813  -11.313  -20.361   5102
   0.934    0.203    0.294   -0.203   -0.375    0.905    0.294   -0.905   -0.309   -6.513   12.487   -1.461   5103
  -0.547   -0.430   -0.718    0.750   -0.633   -0.192   -0.372   -0.644    0.669   -6.513    8.287    4.139   5104
  -0.654   -0.544   -0.525    0.753   -0.397   -0.525    0.078   -0.739    0.669   -6.513    7.587    7.639   5105
   0.104    0.950   -0.294    0.352    0.241    0.905    0.930   -0.198   -0.309   -6.513    5.487   13.939   5106
  -0.732   -0.571    0.372   -0.553    0.816    0.165   -0.398   -0.085   -0.914   -6.513    0.587   -2.861   5107
  -0.039   -0.228    0.973   -0.593   -0.779   -0.207    0.805   -0.585   -0.105   -6.513   -2.213  -14.061   5108
  -0.746    0.609    0.268   -0.505   -0.257   -0.824   -0.433   -0.750    0.500   -6.513   -6.413   11.139   5109
   0.551    0.221    0.805   -0.670   -0.458    0.585    0.497   -0.861   -0.105   -6.513   -8.513   -9.861   5110
  -0.298    0.949   -0.104    0.933    0.313    0.180    0.203   -0.043   -0.978   -7.213   11.787  -10.561   5111
   0.691   -0.344    0.636    0.344   -0.618   -0.707    0.636    0.707   -0.309   -7.213   10.387    8.339   5112
   0.196    0.123    0.973   -0.975   -0.081    0.207    0.104   -0.989    0.105   -7.213    6.187  -13.361   5113
  -0.975   -0.181    0.126   -0.217    0.896   -0.387   -0.043   -0.405   -0.914   -7.213    1.287   -6.361   5114
   0.877   -0.469    0.099    0.063    0.318    0.946   -0.476   -0.824    0.309   -7.913  -17.613   -0.761   5115
  -0.238    0.966    0.099    0.279    0.166   -0.946   -0.930   -0.198   -0.309   -8.613   -1.513    2.039   5116
   0.367    0.009    0.930    0.523   -0.829   -0.198    0.769    0.559   -0.309   -8.613   -5.713   -7.061   5117
  -0.835    0.543    0.091   -0.339   -0.378   -0.861   -0.433   -0.750    0.500   -8.613   -8.513    6.239   5118
  -0.474    0.830   -0.294    0.143    0.402    0.905    0.869    0.387   -0.309   -9.313   -6.413   -0.761   5119
  -0.728    0.612   -0.307   -0.163    0.281    0.946    0.665    0.739   -0.105  -10.013   -3.613    2.739   5120
  -0.491    0.062   -0.869   -0.595    0.705    0.387    0.636    0.707   -0.309   48.787    8.287    2.739   5121
  -0.611    0.187   -0.769   -0.786   -0.265    0.559   -0.099    0.946    0.309   48.087    3.387   -3.561   5122
  -0.896    0.242    0.372   -0.437   -0.629   -0.644    0.078   -0.739    0.669   47.387    3.387    4.839   5123
   0.414   -0.904   -0.104   -0.052   -0.138    0.989   -0.909   -0.405   -0.105   46.687    9.687   -0.061   5124
  -0.425   -0.795   -0.433    0.320   -0.579    0.750   -0.847    0.180    0.500   45.287    9.687    2.739   5125
   0.975   -0.181    0.126   -0.217   -0.896    0.387    0.043   -0.405   -0.914   45.287    4.787   -2.161   5126
  -0.175    0.322   -0.930    0.980   -0.038   -0.198   -0.099   -0.946   -0.309   45.287   -4.313   -7.061   5127
  -0.930    0.357    0.091    0.253    0.441    0.861    0.268    0.824   -0.500   45.287  -16.213   -2.861   5128
   0.155    0.476   -0.866   -0.951    0.309   -0.000    0.268    0.824    0.500   44.587   11.787    2.739   5129
   0.231   -0.015    0.973   -0.836    0.508    0.207   -0.497   -0.861    0.105   44.587  -16.913    2.039   5130
  -0.634   -0.610    0.476   -0.077   -0.562   -0.824    0.769   -0.559    0.309   43.887   10.387   -2.861   5131
   0.175    0.980    0.099    0.322    0.038   -0.946   -0.930    0.198   -0.309   43.887    4.087    4.839   5132
  -0.834   -0.518    0.192   -0.240    0.654    0.718   -0.497    0.552   -0.669   43.887    3.387    4.839   5133
   0.400   -0.121    0.909   -0.770    0.494    0.405   -0.497   -0.861    0.105   43.887   -2.913   -7.061   5134
  -0.349   -0.401    0.847   -0.898    0.401   -0.180   -0.268   -0.824   -0.500   43.887   -5.013    3.439   5135
  -0.342   -0.934   -0.102   -0.743    0.336   -0.579    0.575   -0.122   -0.809   43.887  -16.213   -1.461   5136
   0.384    0.510    0.769    0.791    0.247   -0.559   -0.476    0.824   -0.309   43.187    8.987   -2.161   5137
  -0.095    0.043   -0.995   -0.407   -0.914   -0.000   -0.909    0.405    0.105   43.187    5.487    9.739   5138
  -0.638    0.763    0.102   -0.662   -0.476   -0.579   -0.393   -0.437    0.809   43.187   -8.513   10.439   5139
  -0.763   -0.064   -0.644   -0.238   -0.897    0.372   -0.601    0.437    0.669   43.187  -15.513   -3.561   5140
  -0.192    0.457   -0.869    0.313    0.867    0.387    0.930   -0.198   -0.309   43.187  -19.713   -0.761   5141
   0.192    0.457    0.869    0.313   -0.867    0.387    0.930    0.198   -0.309   42.487    8.287    2.039   5142
  -0.531    0.009    0.847   -0.303   -0.936   -0.180    0.791   -0.352    0.500   42.487    7.587   -2.161   5143
  -0.052    0.995    0.091    0.497    0.105   -0.861   -0.866    0.000   -0.500   42.487    5.487   -8.461   5144
  -0.636   -0.713    0.294   -0.056    0.423    0.905   -0.769    0.559   -0.309   42.487    5.487  -15.461   5145
   0.533   -0.262   -0.805    0.788   -0.192    0.585   -0.307   -0.946    0.105   41.787   19.487    2.039   5146
  -0.175    0.322    0.930   -0.980    0.038   -0.198   -0.099   -0.946    0.309   41.787    4.087   -4.261   5147
  -0.196    0.123    0.973    0.975   -0.081    0.207    0.104    0.989   -0.105   41.787   -0.813  -14.761   5148
  -0.518    0.846    0.126   -0.811   -0.439   -0.387   -0.272   -0.302    0.914   41.787   -7.113   10.439   5149
  -0.162   -0.571    0.805   -0.385   -0.714   -0.585    0.909   -0.405   -0.105   41.787   -9.213   -2.161   5150
   0.047    0.529   -0.847    0.962    0.203    0.180    0.268   -0.824   -0.500   41.787   -9.213  -18.961   5151
  -0.162    0.571    0.805    0.385   -0.714    0.585    0.909    0.405   -0.105   41.787  -12.013    6.939   5152
  -0.986    0.136    0.099   -0.136   -0.295   -0.946   -0.099   -0.946    0.309   41.787  -12.713   -8.461   5153
  -0.361    0.067    0.930   -0.339    0.920   -0.198   -0.869   -0.387   -0.309   41.787  -13.413   -0.761   5154
   0.258   -0.962    0.091   -0.465   -0.206   -0.861    0.847    0.180   -0.500   41.087   -0.813   21.639   5155
   0.528    0.806   -0.268    0.309   -0.476   -0.824   -0.791    0.352   -0.500   41.087   -2.913   -7.761   5156
  -0.579   -0.500   -0.644   -0.335    0.866   -0.372    0.743   -0.000   -0.669   40.387   22.987  -16.861   5157
   0.679   -0.311    0.665    0.541   -0.402   -0.739    0.497    0.861   -0.105   40.387   22.287   -7.061   5158
   0.675    0.736   -0.043   -0.686    0.605   -0.405   -0.272    0.302    0.914   40.387    2.687  -15.461   5159
  -0.250   -0.588   -0.769   -0.182    0.809   -0.559    0.951   -0.000   -0.309   40.387   -0.113   13.939   5160
  -0.835   -0.339    0.433   -0.543    0.378   -0.750    0.091   -0.861   -0.500   40.387  -16.913   10.439   5161
   0.679   -0.311    0.665    0.541   -0.402   -0.739    0.497    0.861   -0.105   39.687   22.987   -6.361   5162
  -0.809    0.000    0.588    0.000    1.000    0.000   -0.588    0.000   -0.809   39.687   12.487   14.639   5163
   0.124    0.599    0.791    0.893    0.281   -0.352   -0.433    0.750   -0.500   39.687   -2.913  -11.961   5164
  -0.253   -0.333   -0.909   -0.333   -0.852    0.405   -0.909    0.405    0.105   39.687   -3.613   -9.161   5165
   0.467   -0.731    0.497   -0.367    0.351    0.861   -0.805   -0.585   -0.105   38.987   19.487   -8.461   5166
   0.611    0.272   -0.743   -0.407    0.914   -0.000    0.679    0.302    0.669   38.987   15.287  -11.961   5167
  -0.810    0.577   -0.104    0.586    0.790   -0.180   -0.022   -0.207   -0.978   38.987  -12.013  -11.261   5168
  -0.604   -0.208   -0.769   -0.480   -0.676    0.559   -0.636    0.707    0.309   38.987  -24.613    7.639   5169
   0.593    0.023    0.805   -0.798    0.146    0.585   -0.104   -0.989    0.105   38.287   16.687    5.539   5170
   0.518   -0.119   -0.847   -0.491   -0.852   -0.180   -0.701    0.509   -0.500   38.287    8.987   12.539   5171
   0.190   -0.670    0.718    0.979    0.071   -0.192    0.078    0.739    0.669   38.287  -14.813   14.639   5172
  -0.155   -0.268    0.951    0.866   -0.500    0.000    0.476    0.824    0.309   38.287  -14.813   -4.261   5173
   0.609   -0.372    0.701   -0.061    0.859    0.509   -0.791   -0.352    0.500   38.287  -28.813    1.339   5174
   0.866   -0.500   -0.000   -0.335   -0.579    0.743   -0.372   -0.644   -0.669   37.587   -0.113  -25.261   5175
   0.956    0.004    0.294   -0.277   -0.325    0.905    0.099   -0.946   -0.309   37.587  -10.613  -12.661   5176
  -0.407    0.914   -0.000   -0.611   -0.272    0.743    0.679    0.302    0.669   37.587  -24.613   -7.761   5177
  -0.229   -0.033   -0.973    0.924   -0.323   -0.207   -0.307   -0.946    0.105   36.887   18.087    1.339   5178
   0.104   -0.950    0.294   -0.352    0.241    0.905   -0.930   -0.198   -0.309   36.887    6.187   18.139   5179
  -0.207   -0.230   -0.951    0.743   -0.669   -0.000   -0.636   -0.707    0.309   36.887  -27.413   18.839   5180
  -0.273    0.659   -0.701   -0.456   -0.730   -0.509   -0.847    0.180    0.500   36.187   11.087   26.539   5181
  -0.685    0.660   -0.307    0.296   -0.133   -0.946   -0.665   -0.739   -0.105   36.187  -23.913   -0.061   5182
   0.581   -0.689    0.433   -0.192   -0.633   -0.750    0.791    0.352   -0.500   36.187  -25.313    2.039   5183
   0.425   -0.795    0.433   -0.320   -0.579   -0.750    0.847    0.180   -0.500   36.187  -26.013    3.439   5184
  -0.086    0.741    0.665    0.215   -0.638    0.739    0.973    0.207   -0.105   35.487   22.987    4.839   5185
  -0.145    0.838   -0.525   -0.720   -0.454   -0.525   -0.679    0.302    0.669   35.487  -12.713  -14.061   5186
  -0.229    0.033    0.973    0.924    0.323    0.207   -0.307    0.946   -0.105   35.487  -20.413   -2.861   5187
   0.155    0.476    0.866    0.951   -0.309    0.000    0.268    0.824   -0.500   35.487  -21.813   12.539   5188
  -0.814    0.545   -0.203   -0.580   -0.735    0.352    0.043    0.405    0.914   35.487  -27.413    0.639   5189
   0.361    0.339   -0.869   -0.067   -0.920   -0.387   -0.930    0.198   -0.309   34.787    1.987  -24.561   5190
  -0.856   -0.507    0.104   -0.143    0.038   -0.989    0.497   -0.861   -0.105   34.787    0.587  -25.261   5191
   0.482    0.826   -0.294   -0.419   -0.077   -0.905   -0.769    0.559    0.309   34.787  -11.313   22.339   5192
  -0.175    0.745   -0.644   -0.780   -0.504   -0.372   -0.601    0.437    0.669   34.787  -14.113   20.239   5193
  -0.518    0.119   -0.847    0.491    0.852   -0.180    0.701   -0.509   -0.500   34.087   24.387  -18.961   5194
  -0.211   -0.854    0.476   -0.448   -0.348   -0.824    0.869   -0.387   -0.309   34.087    7.587  -22.461   5195
   0.175    0.322    0.930    0.980    0.038   -0.198   -0.099    0.946   -0.309   34.087  -14.113   18.839   5196
   0.474   -0.830   -0.294    0.143    0.402   -0.905    0.869    0.387    0.309   34.087  -24.613   21.639   5197
  -0.129   -0.193    0.973   -0.858   -0.470   -0.207    0.497   -0.861   -0.105   33.387   20.887    3.439   5198
   0.655    0.727   -0.208    0.743   -0.669   -0.000   -0.139   -0.155   -0.978   33.387   -6.413  -19.661   5199
   0.316    0.503    0.805   -0.273   -0.764    0.585    0.909   -0.405   -0.105   33.387   -7.113  -18.261   5200
  -0.307   -0.644    0.701   -0.848   -0.150   -0.509    0.433   -0.750   -0.500   33.387  -23.213   22.339   5201
  -0.173   -0.796   -0.579   -0.503    0.577   -0.644    0.847    0.180   -0.500   33.387  -25.313   17.439   5202
   0.842    0.122   -0.525   -0.209   -0.825   -0.525   -0.497    0.552   -0.669   32.687  -28.113    5.539   5203
   0.032   -0.995    0.099   -0.307   -0.105   -0.946    0.951   -0.000   -0.309   31.987   -2.213  -20.361   5204
  -0.551    0.670   -0.497    0.221   -0.458   -0.861   -0.805   -0.585    0.105   31.987  -26.013   -2.161   5205
  -0.362   -0.493   -0.791   -0.389    0.851   -0.352    0.847    0.180   -0.500   31.287   31.387  -11.261   5206
  -0.270   -0.723    0.636    0.579    0.406    0.707   -0.769    0.559    0.309   31.287   -1.513   25.139   5207
   0.658   -0.655    0.372    0.326    0.692    0.644   -0.679   -0.302    0.669   31.287   -2.913  -25.961   5208
   0.750    0.633    0.192    0.547   -0.430   -0.718   -0.372    0.644   -0.669   31.287  -16.913  -21.761   5209
  -0.357    0.882    0.307    0.217   -0.242    0.946    0.909    0.405   -0.105   30.587  -19.713  -23.861   5210
   0.272    0.957   -0.102   -0.798    0.165   -0.579   -0.537    0.239    0.809   30.587  -23.913  -14.061   5211
   0.371   -0.589   -0.718    0.708    0.680   -0.192    0.601   -0.437    0.669   30.587  -25.313    9.039   5212
  -0.434   -0.860   -0.268   -0.566    0.030    0.824   -0.701    0.509   -0.500   30.587  -25.313   -9.161   5213
  -0.771    0.565    0.294    0.033   -0.425    0.905    0.636    0.707    0.309   30.587  -26.713   18.139   5214
   0.428    0.883    0.192   -0.675    0.171    0.718    0.601   -0.437    0.669   30.587  -28.813   12.539   5215
  -0.434    0.566    0.701    0.860    0.030    0.509    0.268    0.824   -0.500   29.887   29.287   -2.861   5216
  -0.361   -0.067    0.930    0.339    0.920    0.198   -0.869    0.387   -0.309   29.887   27.187   -4.961   5217
   0.182    0.938   -0.294   -0.861    0.007   -0.509   -0.476    0.345    0.809   29.887   10.387  -23.161   5218
   0.555    0.622   -0.552   -0.635    0.746    0.201    0.537    0.239    0.809   29.887   -0.813   27.239   5219
  -0.634    0.610    0.476   -0.077    0.562   -0.824   -0.769   -0.559   -0.309   29.887   -1.513  -27.361   5220
  -0.930   -0.357   -0.091   -0.253    0.441    0.861   -0.268    0.824   -0.500   29.887  -12.013  -22.461   5221
  -0.003   -0.815    0.579    0.612   -0.460   -0.644    0.791    0.352    0.500   29.887  -13.413  -21.061   5222
   0.124   -0.893    0.433    0.599   -0.281   -0.750    0.791    0.352    0.500   29.887  -14.813  -19.661   5223
  -0.178   -0.378   -0.909    0.148    0.902   -0.405    0.973   -0.207   -0.105   29.887  -23.913   21.639   5224
  -0.625   -0.307    0.718    0.602   -0.775    0.192    0.497    0.552    0.669   29.187   12.487  -22.461   5225
   0.231   -0.836    0.497    0.015   -0.508   -0.861    0.973    0.207   -0.105   29.187  -19.013  -14.761   5226
   0.879    0.432   -0.203    0.346   -0.870   -0.352   -0.329    0.239   -0.914   29.187  -28.813    4.839   5227
  -0.671    0.369    0.644    0.147    0.917   -0.372   -0.727   -0.155   -0.669   28.487   31.387   -0.061   5228
  -0.175   -0.745   -0.644   -0.780    0.504   -0.372    0.601    0.437   -0.669   28.487    9.687  -26.661   5229
  -0.474   -0.786   -0.398   -0.872    0.483    0.085    0.126    0.387   -0.914   28.487    8.987  -23.861   5230
  -0.720   -0.454   -0.525    0.145   -0.838    0.525   -0.679    0.302    0.669   28.487   -5.713  -21.061   5231
   0.887    0.158    0.433    0.452   -0.483   -0.750    0.091    0.861   -0.500   28.487  -27.413    1.339   5232
  -0.252    0.266   -0.930   -0.266   -0.943   -0.198   -0.930    0.198    0.309   27.787   27.187   23.039   5233
   0.192    0.457    0.869    0.313   -0.867    0.387    0.930    0.198   -0.309   27.787   15.287  -22.461   5234
   0.064   -0.899   -0.433   -0.528   -0.399    0.750   -0.847    0.180   -0.500   27.787  -21.113   25.139   5235
   0.362   -0.389   -0.847   -0.493   -0.851    0.180   -0.791    0.352   -0.500   27.787  -29.513   -0.761   5236
  -0.273    0.659   -0.701   -0.456   -0.730   -0.509   -0.847    0.180    0.500   27.787  -30.913    6.239   5237
   0.420    0.788    0.450   -0.889    0.258    0.378    0.182   -0.559    0.809   27.787  -32.313    6.939   5238
  -0.016   -0.765   -0.644   -0.867    0.331   -0.372    0.497    0.552   -0.669   27.787  -32.313   -9.161   5239
   0.529    0.843    0.102    0.657   -0.483    0.579    0.537   -0.239   -0.809   27.087    2.687  -26.661   5240
  -0.704    0.549   -0.450    0.707    0.597   -0.378    0.061   -0.585   -0.809   27.087   -2.913   23.039   5241
   0.491   -0.062   -0.869   -0.595    0.705   -0.387    0.636    0.707    0.309   27.087   -7.813  -25.961   5242
   0.990   -0.093    0.104    0.093   -0.114   -0.989    0.104    0.989   -0.105   27.087  -15.513  -27.361   5243
  -0.325    0.616   -0.718   -0.943   -0.273    0.192   -0.078    0.739    0.669   26.387    7.587   25.139   5244
   0.834    0.003   -0.552    0.129    0.971    0.201    0.537   -0.239    0.809   26.387  -29.513    5.539   5245
  -0.366    0.650   -0.665   -0.201    0.643    0.739    0.909    0.405   -0.105   25.687   32.087    4.139   5246
   0.558   -0.524    0.644   -0.826   -0.423    0.372    0.078   -0.739   -0.669   25.687   20.887  -16.861   5247
   0.711    0.554   -0.433   -0.056    0.659    0.750    0.701   -0.509    0.500   25.687  -23.213  -15.461   5248
  -0.467    0.435   -0.769    0.163   -0.813   -0.559   -0.869   -0.387    0.309   24.987   22.987  -12.661   5249
   0.032    0.307   -0.951    0.995   -0.105   -0.000   -0.099   -0.946   -0.309   24.287    8.987   25.839   5250
  -0.338   -0.901    0.272   -0.919    0.253   -0.302    0.203   -0.352   -0.914   24.287   -9.913  -25.261   5251
   0.934    0.203   -0.294   -0.203   -0.375   -0.905   -0.294    0.905   -0.309   24.287  -26.713   16.739   5252
   0.102    0.208   -0.973   -0.022    0.978    0.207    0.995   -0.000    0.105   24.287  -29.513   17.439   5253
   0.331   -0.158   -0.930   -0.815   -0.545   -0.198   -0.476    0.824   -0.309   24.287  -30.213   -7.061   5254
  -0.576    0.146    0.805   -0.811    0.023   -0.585   -0.104   -0.989    0.105   24.287  -33.013   -1.461   5255
  -0.604   -0.480   -0.636   -0.208   -0.676    0.707   -0.769    0.559    0.309   24.287  -33.713    6.939   5256
   0.420   -0.788    0.450   -0.889   -0.258    0.378   -0.182   -0.559   -0.809   23.587   29.987    9.039   5257
   0.972   -0.134   -0.192   -0.046    0.695   -0.718    0.230    0.707    0.669   23.587   29.987   -2.861   5258
   0.901    0.030    0.433   -0.342   -0.566    0.750    0.268   -0.824   -0.500   23.587   27.187  -13.361   5259
  -0.298   -0.949   -0.104    0.933   -0.313    0.180   -0.203   -0.043    0.978   22.887   32.087  -10.561   5260
   0.434    0.238    0.869   -0.895    0.220    0.387   -0.099   -0.946    0.309   22.887   27.887   15.339   5261
  -0.720   -0.586    0.372   -0.655    0.397   -0.644    0.230   -0.707   -0.669   22.887    2.687   25.839   5262
   0.304   -0.286    0.909    0.812   -0.420   -0.405    0.497    0.861    0.105   22.887   -8.513   26.539   5263
  -0.708   -0.680    0.192   -0.371    0.589    0.718   -0.601    0.437   -0.669   22.887  -26.013   12.539   5264
  -0.574   -0.684    0.450   -0.816    0.437   -0.378    0.061   -0.585   -0.809   22.187   34.887   -8.461   5265
   0.474   -0.143    0.869    0.830    0.402   -0.387   -0.294    0.905    0.309   22.187   21.587  -25.261   5266
   0.927   -0.051    0.372    0.296    0.706   -0.644   -0.230    0.707    0.669   22.187    5.487   25.139   5267
  -0.696   -0.026   -0.718    0.235   -0.953   -0.192   -0.679   -0.302    0.669   22.187  -19.013   22.339   5268
   0.017    0.956    0.294    0.843   -0.172    0.509    0.537    0.239   -0.809   22.187  -30.913   16.739   5269
   0.877   -0.063   -0.476   -0.469   -0.318   -0.824   -0.099    0.946   -0.309   22.187  -32.313    3.439   5270
   0.746   -0.657   -0.104    0.008   -0.147    0.989   -0.665   -0.739   -0.105   21.487   27.887   13.939   5271
  -0.505   -0.857   -0.104    0.857   -0.484   -0.180    0.104   -0.180    0.978   21.487   13.187   25.139   5272
   0.691    0.344    0.636   -0.344   -0.618    0.707    0.636   -0.707   -0.309   21.487    6.887  -28.061   5273
  -0.576    0.811    0.104   -0.146    0.023   -0.989   -0.805   -0.585    0.105   21.487    4.787  -29.461   5274
  -0.686   -0.119    0.718   -0.031   -0.981   -0.192    0.727   -0.155    0.669   21.487    1.987   31.439   5275
  -0.095    0.951   -0.294    0.294    0.309    0.905    0.951   -0.000   -0.309   21.487  -16.913   23.739   5276
   0.064   -0.899   -0.433    0.528    0.399   -0.750    0.847   -0.180    0.500   21.487  -28.813   -6.361   5277
  -0.420    0.828   -0.372    0.759    0.096   -0.644   -0.497   -0.552   -0.669   20.787   17.387  -26.661   5278
  -0.576   -0.811    0.104   -0.146   -0.023   -0.989    0.805   -0.585   -0.105   20.787   12.487   27.239   5279
   0.300   -0.908   -0.294   -0.394    0.163   -0.905    0.869    0.387   -0.309   20.787  -21.813   25.139   5280
  -0.747   -0.465   -0.476   -0.193   -0.533    0.824   -0.636    0.707    0.309   20.087    6.187  -30.861   5281
   0.357    0.882   -0.307    0.217    0.242    0.946    0.909   -0.405   -0.105   20.087  -25.313    9.039   5282
   0.585   -0.101    0.805    0.750   -0.308   -0.585    0.307    0.946   -0.105   20.087  -28.813   12.539   5283
  -0.032   -0.995   -0.099   -0.307    0.105   -0.946    0.951   -0.000   -0.309   20.087  -29.513  -10.561   5284
  -0.759   -0.096   -0.644    0.420   -0.828   -0.372   -0.497   -0.552    0.669   20.087  -30.913   -3.561   5285
  -0.156    0.984    0.091    0.508    0.001    0.861    0.847    0.180   -0.500   20.087  -33.013   -4.261   5286
   0.791   -0.575   -0.208   -0.588   -0.809   -0.000   -0.168    0.122   -0.978   19.387   30.687    4.839   5287
   0.826   -0.423   -0.372    0.558    0.524    0.644   -0.078   -0.739    0.669   19.387   28.587   18.839   5288
  -0.492    0.870   -0.043   -0.787   -0.465   -0.405   -0.372   -0.165    0.914   19.387  -18.313   23.739   5289
  -0.531   -0.009   -0.847    0.303   -0.936   -0.180   -0.791   -0.352    0.500   19.387  -19.713   23.039   5290
   0.300    0.908   -0.294    0.394    0.163    0.905    0.869   -0.387   -0.309   19.387  -25.313   10.439   5291
   0.636    0.056   -0.769   -0.713    0.423   -0.559    0.294    0.905    0.309   19.387  -35.113   -4.961   5292
  -0.238   -0.707    0.665   -0.343   -0.580   -0.739    0.909   -0.405   -0.105   18.687   32.087    7.639   5293
   0.835    0.543   -0.091    0.339   -0.378    0.861    0.433   -0.750   -0.500   18.687   12.487   27.239   5294
  -0.753    0.397   -0.525    0.654    0.544   -0.525    0.078   -0.739   -0.669   18.687  -21.113   21.639   5295
  -0.362    0.389   -0.847    0.493    0.851    0.180    0.791   -0.352   -0.500   18.687  -27.413   18.139   5296
  -0.476   -0.765    0.433   -0.661   -0.013   -0.750    0.579   -0.644   -0.500   17.987    1.287  -28.061   5297
   0.691   -0.344    0.636    0.344   -0.618   -0.707    0.636    0.707   -0.309   17.987   -5.713   27.239   5298
  -0.437    0.629   -0.644    0.896    0.242   -0.372   -0.078   -0.739   -0.669   17.987   -9.913  -24.561   5299
  -0.238   -0.897    0.372    0.763    0.064    0.644   -0.601    0.437    0.669   17.987  -14.813   26.539   5300
  -0.156    0.984    0.091    0.508    0.001    0.861    0.847    0.180   -0.500   17.987  -26.713   10.439   5301
  -0.231   -0.015   -0.973    0.836    0.508   -0.207    0.497   -0.861   -0.105   17.987  -30.213    5.539   5302
  -0.994   -0.037   -0.102    0.089   -0.811   -0.579   -0.061   -0.585    0.809   17.287   27.887   -7.761   5303
  -0.675    0.686    0.272   -0.736   -0.605   -0.302   -0.043   -0.405    0.914   17.287    0.587  -28.761   5304
  -0.739   -0.588   -0.329    0.537   -0.809    0.239   -0.407    0.000    0.914   17.287   -0.113   24.439   5305
   0.085   -0.588    0.805    0.061    0.809    0.585   -0.995    0.000    0.105   17.287  -11.313   30.739   5306
   0.316    0.790    0.525    0.610   -0.593    0.525    0.727    0.155   -0.669   17.287  -28.113   16.739   5307
  -0.425   -0.320    0.847   -0.795    0.579   -0.180   -0.433   -0.750   -0.500   16.587    1.987  -28.061   5308
   0.810   -0.577   -0.104    0.586    0.790    0.180   -0.022   -0.207    0.978   16.587   -0.813   26.539   5309
  -0.540    0.694    0.476   -0.551    0.136   -0.824   -0.636   -0.707    0.309   16.587   -7.113   25.839   5310
  -0.654   -0.544    0.525    0.753   -0.397    0.525   -0.078    0.739    0.669   16.587  -16.913   23.739   5311
  -0.196    0.975    0.104    0.123   -0.081    0.989    0.973    0.207   -0.105   16.587  -18.313   23.039   5312
   0.425    0.320    0.847   -0.795    0.579    0.180   -0.433   -0.750    0.500   16.587  -32.313    2.039   5313
  -0.250    0.182   -0.951    0.588    0.809   -0.000    0.769   -0.559   -0.309   15.887   -0.113  -28.761   5314
   0.759    0.096    0.644    0.420   -0.828   -0.372    0.497    0.552   -0.669   15.887   -3.613  -28.061   5315
   0.246    0.560   -0.791   -0.932   -0.089   -0.352   -0.268    0.824    0.500   15.187   29.287   18.839   5316
   0.039   -0.228    0.973   -0.593    0.779    0.207   -0.805   -0.585   -0.105   15.187   28.587  -14.761   5317
  -0.551   -0.221   -0.805    0.670    0.458   -0.585    0.497   -0.861   -0.105   14.487   12.487  -24.561   5318
   0.787    0.521   -0.329   -0.603    0.761   -0.239    0.126    0.387    0.914   14.487    6.187   21.639   5319
  -0.505   -0.857    0.104    0.857   -0.484    0.180   -0.104    0.180    0.978   14.487   -5.713  -25.261   5320
   0.316   -0.943   -0.104   -0.938   -0.295   -0.180    0.139    0.155   -0.978   14.487   -8.513  -26.661   5321
   0.238    0.966    0.099    0.279   -0.166    0.946    0.930   -0.198   -0.309   14.487  -15.513   23.739   5322
   0.732   -0.147    0.665   -0.674   -0.007    0.739   -0.104   -0.989   -0.105   14.487  -28.113    7.639   5323
  -0.380    0.456    0.805   -0.642    0.496   -0.585   -0.665   -0.739    0.105   13.787   -5.713  -28.761   5324
   0.017    0.956    0.294    0.843   -0.172    0.509    0.537    0.239   -0.809   13.787  -35.113    3.439   5325
  -0.273    0.659    0.701    0.456    0.730   -0.509   -0.847    0.180   -0.500   13.087   28.587   11.839   5326
  -0.166   -0.798    0.579    0.694    0.323    0.644   -0.701    0.509    0.500   13.087   20.187   20.239   5327
   0.608    0.543    0.579   -0.067    0.762   -0.644   -0.791    0.352    0.500   13.087   18.787   26.539   5328
  -0.992   -0.072   -0.099    0.072    0.317   -0.946    0.099   -0.946   -0.309   13.087   13.187  -24.561   5329
  -0.739   -0.537    0.407    0.588   -0.809    0.000    0.329    0.239    0.914   13.087    6.887  -25.261   5330
   0.526    0.668    0.525   -0.819    0.231    0.525    0.230   -0.707    0.669   13.087    1.287   27.239   5331
  -0.732   -0.147   -0.665   -0.674    0.007    0.739   -0.104    0.989   -0.105   13.087    1.287   23.739   5332
  -0.707    0.405    0.579    0.093   -0.760    0.644    0.701    0.509    0.500   13.087  -12.713   25.839   5333
  -0.434   -0.238   -0.869   -0.895    0.220    0.387    0.099    0.946   -0.309   12.387   32.087    0.639   5334
   0.166   -0.161   -0.973   -0.937    0.282   -0.207    0.307    0.946   -0.105   12.387   26.487   17.439   5335
   0.238    0.966   -0.099   -0.279    0.166    0.946    0.930   -0.198    0.309   12.387    1.287  -32.961   5336
  -0.282   -0.869    0.407    0.951   -0.309    0.000    0.126    0.387    0.914   12.387   -5.013  -25.961   5337
  -0.367    0.009   -0.930   -0.523   -0.829    0.198   -0.769    0.559    0.309   11.687   29.987    7.639   5338
  -0.732   -0.674   -0.104   -0.147    0.007    0.989   -0.665    0.739   -0.105   11.687   29.987  -14.061   5339
   0.541   -0.393    0.743    0.588    0.809    0.000   -0.601    0.437    0.669   11.687   12.487  -22.461   5340
   0.017   -0.956   -0.294   -0.843   -0.172    0.509   -0.537    0.239   -0.809   11.687    0.587  -28.761   5341
  -0.949   -0.297    0.104   -0.067   -0.131   -0.989    0.307   -0.946    0.105   11.687  -30.913   14.639   5342
   0.636    0.056   -0.769    0.713   -0.423    0.559   -0.294   -0.905   -0.309   11.687  -33.713   11.839   5343
   0.272   -0.957   -0.102    0.798    0.165    0.579   -0.537   -0.239    0.809   11.687  -34.413   -0.061   5344
  -0.102   -0.973    0.208    0.995   -0.105    0.000    0.022    0.207    0.978   10.987   34.887   -0.061   5345
  -0.482    0.224   -0.847   -0.657   -0.732    0.180   -0.579    0.644    0.500   10.987   28.587    8.339   5346
  -0.102   -0.022   -0.995   -0.208    0.978   -0.000    0.973    0.207   -0.105   10.987   27.887  -10.561   5347
